iter,val,proj,gnorm,dnorm,xnorm,step,maxstep
1.0,25.0,1.0,590.9152941516115,257.9515866072326,7.905694150420948,0.016854466091210725,0.016854466091210725
2.0,-1005.9397563252069,2.0,577.5051232108228,216.88345769863886,8.975478696346922,0.00014433069233440652,0.00014433069233440652
3.0,-1012.7246156662422,2.0,577.4215374249352,216.2397821704117,8.990241280834963,0.0001029532715454831,0.0001029532715454831
4.0,-1017.5365410274762,2.0,577.3623159041988,215.61727728431123,9.000809005692489,0.00011422448860228066,0.00011422448860228066
5.0,-1022.8443164518292,2.0,577.2967047592977,215.03243236261991,9.012485624354065,1.4251971073951244e-05,1.4251971073951244e-05
6.0,-1023.5032722274691,2.0,577.2885608514516,214.72444706884514,9.013944625523834,4.0001048163652095e-05,4.0001048163652095e-05
7.0,-1025.3472691383254,2.0,577.2659350522043,214.2844684582162,9.018043331704908,0.00015140787535694074,0.00015140787535694074
8.0,-1032.2951055848412,2.0,577.1807582661977,213.609974398494,9.033503217564327,4.412187022620444e-05,4.412187022620444e-05
9.0,-1034.3079741602833,2.0,577.1560261941244,213.199858992659,9.038018912905693,2.590892091044392e-05,2.590892091044392e-05
10.0,-1035.4855135729401,2.0,577.1416015642662,212.78592647950828,9.040672993539637,9.155978901934121e-06,9.155978901934121e-06
11.0,-1035.90006054902,2.0,577.1365235513515,212.38000125941596,9.041604970863347,9.356958557869062e-08,9.356958557869062e-08
12.0,-1035.904281028296,2.0,577.1364717473917,211.96311865511,9.041614495879676,1.1049958230031928e-05,1.1049958230031928e-05
13.0,-1036.4007143479794,2.0,577.1303532817566,211.5047660331615,9.042739547986121,3.685999154102469e-05,3.685999154102469e-05
14.0,-1038.0493613213544,2.0,577.1099108130687,211.15990260769576,9.046495345317103,1.1490021588952528e-05,1.1490021588952528e-05
15.0,-1038.5616593807276,2.0,577.1036051735949,210.8220594849564,9.047659847916192,2.9621251539415155e-05,2.9621251539415155e-05
16.0,-1039.8780400562537,2.0,577.0874757568699,210.44744002553233,9.050663845242534,0.000101572306289881,0.000101572306289881
17.0,-1044.3745775107993,2.0,577.0326182780385,209.86992591374107,9.060986666297424,2.253370022320348e-05,2.253370022320348e-05
18.0,-1045.366989549655,2.0,577.020481158844,209.48783368303032,9.063263742093751,2.9913495888312783e-05,2.9913495888312783e-05
19.0,-1046.6795840923287,2.0,577.0044633091086,209.05014376630197,9.066288765709691,1.9482210504683303e-05,1.9482210504683303e-05
20.0,-1047.530925804575,2.0,576.9940601332953,208.68425286204254,9.068260100901034,3.716652287224822e-06,3.716652287224822e-06
21.0,-1047.6927802290684,2.0,576.9920884369614,208.25997689139317,9.06863384242525,4.882173994057714e-06,4.882173994057714e-06
22.0,-1047.9045266373316,2.0,576.9894982318212,207.8114088297345,9.06912127186708,3.7367737817191297e-06,3.7367737817191297e-06
23.0,-1048.0658988678438,2.0,576.987511855796,207.41001621064774,9.069491579951348,3.568462594260696e-05,3.568462594260696e-05
24.0,-1049.6007837203636,2.0,576.9685804756607,207.02804124899373,9.073004922368558,5.6578851143428415e-05,5.6578851143428415e-05
25.0,-1052.0252167609592,2.0,576.9388162059217,206.61267896109695,9.078582833858379,1.423841830285196e-05,1.423841830285196e-05
26.0,-1052.633001849551,2.0,576.9313905489369,206.1810476614426,9.079978593807514,1.382748681916322e-05,1.382748681916322e-05
27.0,-1053.220783232197,2.0,576.9241867790125,205.83331011360622,9.08133450119806,1.327864055340178e-05,1.327864055340178e-05
28.0,-1053.783333179347,2.0,576.9173217066008,205.44959647509594,9.08262854044578,2.399705033617097e-05,2.399705033617097e-05
29.0,-1054.796137316946,2.0,576.9049808186803,205.09965299846323,9.084968271062115,2.847880146556078e-05,2.847880146556078e-05
30.0,-1055.9939826732748,2.0,576.8904694130567,204.71998416623998,9.087746864300923,2.6494139182197363e-06,2.6494139182197363e-06
31.0,-1056.1050191268073,2.0,576.8891294270303,204.35753542123288,9.088005422799963,4.7950702561085704e-05,4.7950702561085704e-05
32.0,-1058.107144381112,2.0,576.8650115720407,203.92820261427482,9.092688802485993,1.3373352801925304e-05,1.3373352801925304e-05
33.0,-1058.6632677907817,2.0,576.8583290641451,203.5125726755584,9.09398700151124,9.880473187408697e-05,9.880473187408697e-05
34.0,-1062.753848681879,2.0,576.8091175621167,203.0281267522718,9.103527099399308,3.6376096245680525e-05,3.6376096245680525e-05
35.0,-1064.2530647155113,2.0,576.7911748869449,202.55990798823862,9.1070218692482,4.597888723521972e-05,4.597888723521972e-05
36.0,-1066.1392487653536,2.0,576.7685335603317,202.12438000136694,9.111411471041016,4.633490608316481e-05,4.633490608316481e-05
37.0,-1068.0318705315763,2.0,576.7458572547744,201.75634299267568,9.115809578002915,2.815904942525319e-06,2.815904942525319e-06
38.0,-1068.1464923858134,2.0,576.7444940299895,201.4435201493286,9.116076967710393,9.458067537693081e-06,9.458067537693081e-06
39.0,-1068.5302812884481,2.0,576.7399574098063,201.07170988520187,9.116969374221995,8.604569582709815e-06,8.604569582709815e-06
40.0,-1068.8781505135717,2.0,576.7358534847277,200.72546941159877,9.117775697271199,1.4207913717371853e-05,1.4207913717371853e-05
41.0,-1069.4505647348483,2.0,576.7291289903864,200.29412441973275,9.119098388289851,0.0001003688137198642,0.0001003688137198642
42.0,-1073.4755071844463,2.0,576.681734006911,199.7741769028365,9.12845952668981,3.197799521899818e-05,3.197799521899818e-05
43.0,-1074.7515759781477,2.0,576.6667387564065,199.31010117826884,9.131446256862285,5.590733350623573e-05,5.590733350623573e-05
44.0,-1076.9719679585785,2.0,576.640561494624,198.86391935057156,9.136674091770804,9.383348735110233e-05,9.383348735110233e-05
45.0,-1080.6813877275154,2.0,576.5969242726266,198.35347094011686,9.145466579012652,7.80853139793975e-06,7.80853139793975e-06
46.0,-1080.9885977190925,2.0,576.5933136270868,197.93908904213163,9.146199099745326,8.496367094714784e-06,8.496367094714784e-06
47.0,-1081.3214730133755,2.0,576.5893912972784,197.48327851904105,9.146990342134501,7.220477951391974e-06,7.220477951391974e-06
48.0,-1081.6030609014006,2.0,576.5860507459661,197.17947121134156,9.147662794234392,5.091635942023831e-07,5.091635942023831e-07
49.0,-1081.622857011014,2.0,576.5858177009459,196.78395689339382,9.147709911475577,0.00010611814116772828,0.00010611814116772828
50.0,-1085.730410477688,2.0,576.5375554161702,196.2610774512214,9.157550109615325,4.831646797268675e-06,4.831646797268675e-06
51.0,-1085.9165142085137,2.0,576.5353733899811,195.88734352606033,9.157995426661412,1.8795374064137279e-06,1.8795374064137279e-06
52.0,-1085.9886349930478,2.0,576.5345286647297,195.54707261807138,9.15816864238046,4.569042339795152e-06,4.569042339795152e-06
53.0,-1086.1633458279234,2.0,576.5324901623964,195.12701599087768,9.1585896940121,4.209588073222159e-06,4.209588073222159e-06
54.0,-1086.3236212893244,2.0,576.530613533442,194.76018141438783,9.158974677508,7.552048454106711e-05,7.552048454106711e-05
55.0,-1089.1873558076181,2.0,576.4971147965946,194.28593036109592,9.16589197172372,7.32730316741192e-05,7.32730316741192e-05
56.0,-1091.9523768112178,2.0,576.4648470901767,193.81421607769607,9.172568378226586,6.655837837670131e-06,6.655837837670131e-06
57.0,-1092.2023896786013,2.0,576.461936260078,193.3611295136795,9.1731751953651,1.5990194135319512e-05,1.5990194135319512e-05
58.0,-1092.8002009032173,2.0,576.4549277201204,192.98408862763839,9.174621817943452,1.0674853262773903e-05,1.0674853262773903e-05
59.0,-1093.197745805639,2.0,576.4502707988158,192.5804125603651,9.175581274540706,4.8536003216242476e-05,4.8536003216242476e-05
60.0,-1094.9974567220438,2.0,576.4292297996788,192.12927412282056,9.179916344547602,7.552253008585664e-05,7.552253008585664e-05
61.0,-1097.7844151264217,2.0,576.3966578012149,191.64767714456718,9.186672461207937,1.5500692771028884e-05,1.5500692771028884e-05
62.0,-1098.3537016785858,2.0,576.3900136206825,191.2712810053428,9.188050208056291,4.382951018806154e-07,4.382951018806154e-07
63.0,-1098.369736546138,2.0,576.3898266450236,190.9356161689499,9.188088900562517,5.2204349906953533e-05,5.2204349906953533e-05
64.0,-1100.2725158026215,2.0,576.3677313682919,190.47160490445063,9.192668811925072,1.815118232308467e-05,1.815118232308467e-05
65.0,-1100.9309819018258,2.0,576.3600809743331,190.162585254597,9.194262175514123,8.242096848542039e-05,8.242096848542039e-05
66.0,-1103.9104796180593,2.0,576.3254056230982,189.6832240753053,9.201510183213193,7.602497643962908e-05,7.602497643962908e-05
67.0,-1106.6449977243774,2.0,576.2936666463049,189.19632780042392,9.208160405454317,6.0660163071241743e-05,6.0660163071241743e-05
68.0,-1108.8158107454615,2.0,576.2684831392179,188.7539629669946,9.213435704813802,4.481309962881077e-05,4.481309962881077e-05
69.0,-1110.4121250150683,2.0,576.2500117247165,188.40312880210436,9.217337220587266,2.460300828108215e-06,2.460300828108215e-06
70.0,-1110.499454344064,2.0,576.2490002804349,187.9918385829277,9.217551549804304,3.658629704145944e-05,3.658629704145944e-05
71.0,-1111.792257228169,2.0,576.2339663551877,187.55882428989008,9.220740162541652,7.507775794182859e-05,7.507775794182859e-05
72.0,-1114.4325664879598,2.0,576.2032500238796,187.1745647668554,9.22724406902172,6.0207845209535225e-06,6.0207845209535225e-06
73.0,-1114.643495458417,2.0,576.2007920831726,186.90986853216836,9.227762839410582,6.624434691320806e-07,6.624434691320806e-07
74.0,-1114.6666380577317,2.0,576.2005254329043,186.56195504663543,9.227819911478083,0.0001263535695445287,0.0001263535695445287
75.0,-1119.0621941938034,2.0,576.149968052815,186.05314420202797,9.23873166395627,3.1740595111026855e-05,3.1740595111026855e-05
76.0,-1120.1607798945229,2.0,576.1373990251049,185.61707108414024,9.241476613974957,1.8318823503940183e-05,1.8318823503940183e-05
77.0,-1120.7918848553866,2.0,576.130160991369,185.24425214404582,9.243061411143605,2.2972204447996557e-05,2.2972204447996557e-05
78.0,-1121.580113466815,2.0,576.1211441955064,184.8063618769415,9.24503537692695,6.397357226082024e-05,6.397357226082024e-05
79.0,-1123.76446719176,2.0,576.0960589114859,184.43844638073676,9.250495964038054,4.881983650062198e-05,4.881983650062198e-05
80.0,-1125.4248733845823,2.0,576.0769773674521,184.03835347135356,9.254643029931964,3.706098487185759e-05,3.706098487185759e-05
81.0,-1126.6799469318682,2.0,576.0625671320752,183.6449689924422,9.25779512487924,9.993019943103786e-06,9.993019943103786e-06
82.0,-1127.0169527570729,2.0,576.058704200598,183.28390830007675,9.258639599243418,4.73373201316684e-05,4.73373201316684e-05
83.0,-1128.6068524594161,2.0,576.040515494028,182.9658634073024,9.262644250276255,2.8910877809552473e-05,2.8910877809552473e-05
84.0,-1129.5745757765208,2.0,576.0295770862339,182.7198396029142,9.26507687901262,9.176922059570049e-06,9.176922059570049e-06
85.0,-1129.8809502696704,2.0,576.0261008800073,182.35475590535518,9.265849475954923,4.5860593184161314e-05,4.5860593184161314e-05
86.0,-1131.405686546368,2.0,576.00882517,181.90525646022144,9.269712871923629,1.5374359253684001e-06,1.5374359253684001e-06
87.0,-1131.456559255766,2.0,576.0082473972965,181.5862164627233,9.269841431488253,7.168585556029335e-05,7.168585556029335e-05
88.0,-1133.8196224534581,2.0,575.9815531890573,181.10193387280162,9.275800277291959,7.384136577857216e-05,7.384136577857216e-05
89.0,-1136.240753633709,2.0,575.954157060787,180.7908276850611,9.281948030686722,4.169188556162236e-05,4.169188556162236e-05
90.0,-1137.6032416623952,2.0,575.9386809586391,180.40965028147087,9.285424231864376,2.1071127624349818e-05,2.1071127624349818e-05
91.0,-1138.2889999512909,2.0,575.9308991242244,179.99182101679855,9.287170462917468,1.8346692761465414e-05,1.8346692761465414e-05
92.0,-1138.8833355411682,2.0,575.9241329671698,179.62707504929793,9.288691272267412,3.829901930670812e-05,3.829901930670812e-05
93.0,-1140.1188993001376,2.0,575.9100960317455,179.23326924574678,9.291846401324124,4.525439037546026e-05,4.525439037546026e-05
94.0,-1141.5724148576955,2.0,575.8936195070429,178.82253389033528,9.295579249678166,5.341568019394654e-05,5.341568019394654e-05
95.0,-1143.2801513573067,2.0,575.8742932255968,178.39250179238607,9.299957776825314,3.205601916015011e-05,3.205601916015011e-05
96.0,-1144.3001678641608,2.0,575.8627798985574,177.98546779006097,9.3025885253258,5.700102577395975e-06,5.700102577395975e-06
97.0,-1144.4807363053415,2.0,575.8607471759974,177.72653094345432,9.303056584257455,1.7580720159808816e-05,1.7580720159808816e-05
98.0,-1145.0360146256294,2.0,575.8544832780045,177.50330001111328,9.304500961561963,6.476520113591697e-07,6.476520113591697e-07
99.0,-1145.0564204180682,2.0,575.8542521764749,177.1305675383008,9.304553895116621,1.9868745824350592e-05,1.9868745824350592e-05
100.0,-1145.6797578082392,2.0,575.847178237879,176.76270380571265,9.306165697290185,3.092826680963225e-05,3.092826680963225e-05
101.0,-1146.6459941576918,2.0,575.8362321992507,176.35230764387114,9.308676897712093,1.5981837066263914e-05,1.5981837066263914e-05
102.0,-1147.1429998283625,2.0,575.8305944908067,175.94949279567456,9.30997487429807,7.022060563855313e-05,7.022060563855313e-05
103.0,-1149.3162962586134,2.0,575.8058708421573,175.46835391625552,9.315683676033297,2.4836037537394045e-05,2.4836037537394045e-05
104.0,-1150.0809006714148,2.0,575.7971458087486,175.04163030317812,9.31768872079625,2.0052929200314942e-05,2.0052929200314942e-05
105.0,-1150.6952645444503,2.0,575.790104210864,174.71277571481622,9.319308034557418,2.2903605936464396e-05,2.2903605936464396e-05
106.0,-1151.394322986422,2.0,575.782143271351,174.4807917087957,9.321158089408186,1.4271614613609655e-05,1.4271614613609655e-05
107.0,-1151.8287769167498,2.0,575.7771749372865,174.12521206215126,9.32230515127737,5.245977469654287e-05,5.245977469654287e-05
108.0,-1153.4190030322447,2.0,575.7590305758871,173.71501178849272,9.326496013535865,2.891913683613016e-06,2.891913683613016e-06
109.0,-1153.5062710335071,2.0,575.758036913966,173.37234109646982,9.326727090933826,3.804106086342909e-05,3.804106086342909e-05
110.0,-1154.6495351337385,2.0,575.7450455779515,172.96928663943092,9.329767981662965,2.964141628993875e-05,2.964141628993875e-05
111.0,-1155.5362532391173,2.0,575.734996691705,172.57022845811403,9.332122219371868,2.8256206323120666e-05,2.8256206323120666e-05
112.0,-1156.377641493042,2.0,575.7254889753059,172.2261604308214,9.334351576243241,3.023898033139948e-05,3.023898033139948e-05
113.0,-1157.2744769543951,2.0,575.7154174950932,171.85044101822206,9.336738546361781,1.5049548096656908e-05,1.5049548096656908e-05
114.0,-1157.718901986922,2.0,575.7104363144238,171.46359543854783,9.33791865432326,9.025274360227578e-06,9.025274360227578e-06
115.0,-1157.9842332927522,2.0,575.7074584833842,171.2052842671805,9.338620982337813,1.339234539927046e-06,1.339234539927046e-06
116.0,-1158.023487719326,2.0,575.70701697947,170.82372076420617,9.338724567986063,4.105232622722634e-05,4.105232622722634e-05
117.0,-1159.221227257211,2.0,575.6935044651616,170.45809789056224,9.341876229666351,3.967481277087329e-07,3.967481277087329e-07
118.0,-1159.2327551378085,2.0,575.6933751633104,170.1842765683904,9.341906692147449,2.53345903865213e-05,2.53345903865213e-05
119.0,-1159.966438423274,2.0,575.6851320379851,169.9352013243344,9.343853060331444,2.6044887301587256e-05,2.6044887301587256e-05
120.0,-1160.7184837320092,2.0,575.6766594203239,169.5089609674918,9.345855542967598,6.23489681687729e-05,6.23489681687729e-05
121.0,-1162.5095273171116,2.0,575.6563925000169,169.143842481804,9.350615441040691,1.077193345007432e-05,1.077193345007432e-05
122.0,-1162.817695182761,2.0,575.6529377422733,168.83038657252172,9.351438153078005,5.899405591303773e-05,5.899405591303773e-05
123.0,-1164.4988479320896,2.0,575.6342254088208,168.3606775131546,9.355915782546193,9.391251907795015e-06,9.391251907795015e-06
124.0,-1164.7650359559118,2.0,575.6312498141409,168.00974275116832,9.35662881341645,2.9932534586889645e-06,2.9932534586889645e-06
125.0,-1164.849526328958,2.0,575.6303074545136,167.66606912469618,9.356854342731005,3.8955052186722204e-05,3.8955052186722204e-05
126.0,-1165.9444564369542,2.0,575.6181239592391,167.2500035938275,9.359768385955586,4.941850648298559e-05,4.941850648298559e-05
127.0,-1167.3265452973415,2.0,575.6027383584548,166.82014715828296,9.363468164652835,2.1379907907505768e-05,2.1379907907505768e-05
128.0,-1167.9214749819923,2.0,575.5961123379925,166.3598523965758,9.365069497890206,9.298074184483997e-06,9.298074184483997e-06
129.0,-1168.1787951602892,2.0,575.5932179775676,166.03689291865348,9.36576592510793,2.9828454214716254e-05,2.9828454214716254e-05
130.0,-1169.0010147768971,2.0,575.5840312151304,165.75428954713263,9.367984549282568,5.933487538309044e-05,5.933487538309044e-05
131.0,-1170.6308218623135,2.0,575.5657793277252,165.3928795214986,9.37240388081347,8.383533199518723e-06,8.383533199518723e-06
132.0,-1170.8601440629805,2.0,575.5632365336457,165.06883922161254,9.373028489670713,2.802328917043003e-05,2.802328917043003e-05
133.0,-1171.6236289722897,2.0,575.5548244916116,164.65403803743348,9.375101643581667,4.3346056381599125e-06,4.3346056381599125e-06
134.0,-1171.7411422160471,2.0,575.5535271781998,164.38572830338063,9.375422309084424,6.3158951920887854e-06,6.3158951920887854e-06
135.0,-1171.9118102350344,2.0,575.5516398039259,163.95295172684396,9.37588658569955,6.554320057734054e-06,6.554320057734054e-06
136.0,-1172.0879894611676,2.0,575.5496745993664,163.60705389413815,9.376368316513659,5.268918657658903e-05,5.268918657658903e-05
137.0,-1173.4980359923677,2.0,575.5339890330431,163.21871594615544,9.38024523878941,2.1947793857186397e-05,2.1947793857186397e-05
138.0,-1174.0826811852298,2.0,575.527499604435,162.9846801273092,9.381861720435237,1.788214791396145e-05,1.788214791396145e-05
139.0,-1174.5576685681553,2.0,575.5222122068429,162.67649307142716,9.383171788579187,4.7997456684417125e-06,4.7997456684417125e-06
140.0,-1174.6846848686196,2.0,575.5208125071326,162.2734538624319,9.383520945625044,1.5864440560379254e-05,1.5864440560379254e-05
141.0,-1175.1024113126257,2.0,575.5161876862942,161.82388000089153,9.384665386245407,5.2065819762045345e-05,5.2065819762045345e-05
142.0,-1176.4655705719024,2.0,575.5009580496268,161.38759294691505,9.388423614805546,4.0956136940885896e-05,4.0956136940885896e-05
143.0,-1177.5321354911068,2.0,575.4890376321931,160.89773510594446,9.391358176914807,9.950065491937402e-06,9.950065491937402e-06
144.0,-1177.789713181397,2.0,575.4861291916029,160.51449899674031,9.392064903271066,2.9780864396670557e-05,2.9780864396670557e-05
145.0,-1178.5569211574907,2.0,575.4774607296139,160.16584043428432,9.394163315025324,1.714717262774547e-05,1.714717262774547e-05
146.0,-1178.9967684548724,2.0,575.4724976872697,159.85843692109617,9.39537246842302,6.9921592036081155e-06,6.9921592036081155e-06
147.0,-1179.1754460307084,2.0,575.4704812080624,159.62848577243867,9.395865781432473,3.0276172405968804e-05,3.0276172405968804e-05
148.0,-1179.9468259234584,2.0,575.4617572199384,159.2833928598998,9.398003474778465,6.021519893211695e-05,6.021519893211695e-05
149.0,-1181.4741834641613,2.0,575.444620824092,158.77970311244098,9.402258592371284,1.0852040244154164e-05,1.0852040244154164e-05
150.0,-1181.7477620666227,2.0,575.4415245680726,158.38456413611584,9.403018900846392,1.920333374383129e-06,1.920333374383129e-06
151.0,-1181.7959345383626,2.0,575.440978171181,158.14477705262115,9.403152286270824,2.0676633575652747e-05,2.0676633575652747e-05
152.0,-1182.3130088012517,2.0,575.4350978185889,157.8301996188718,9.404579822971423,2.0574458294413168e-05,2.0574458294413168e-05
153.0,-1182.8254831278996,2.0,575.4293304343898,157.4700530827525,9.405990091392232,6.717301444260663e-05,6.717301444260663e-05
154.0,-1184.4907013842849,2.0,575.4106461823181,157.06851773861644,9.410564835375485,6.504939514267826e-07,6.504939514267826e-07
155.0,-1184.5067493649578,2.0,575.4104665387288,156.63737849689443,9.410608827463012,1.6558507074270173e-05,1.6558507074270173e-05
156.0,-1184.9129890225809,2.0,575.4058751651737,156.3584880500466,9.411718317268084,9.164570837894507e-06,9.164570837894507e-06
157.0,-1185.1370357738394,2.0,575.4033410796759,155.93661840830114,9.412332722217423,5.11529948376737e-05,5.11529948376737e-05
158.0,-1186.3806209909253,2.0,575.3891904189853,155.5296846813035,9.415763781640708,3.0109564516965995e-05,3.0109564516965995e-05
159.0,-1187.1088649926455,2.0,575.3809313519129,155.0651624716661,9.41778569009278,5.0987515219707946e-05,5.0987515219707946e-05
160.0,-1188.334610687893,2.0,575.3669070198554,154.59669675989798,9.421211672140991,4.188304378552243e-05,4.188304378552243e-05
161.0,-1189.335446980438,2.0,575.3553963111561,154.16582086250895,9.424027603348712,5.761397324742804e-06,5.761397324742804e-06
162.0,-1189.4723754150018,2.0,575.3538194531345,153.8512269277725,9.42441496044019,3.800986938031112e-05,3.800986938031112e-05
163.0,-1190.371934415773,2.0,575.3434744535452,153.52093314601493,9.426953239898301,2.0502409432864953e-05,2.0502409432864953e-05
164.0,-1190.8551078802946,2.0,575.337917761997,153.18779614253424,9.428313423455414,5.3119817124832916e-05,5.3119817124832916e-05
165.0,-1192.101368087062,2.0,575.3237031122987,152.90420619701246,9.431812428091808,1.2019890993951464e-06,1.2019890993951464e-06
166.0,-1192.1294700866897,2.0,575.3233819219098,152.49068053980932,9.431891134463248,9.972939600190335e-05,9.972939600190335e-05
167.0,-1194.4475551031705,2.0,575.2967094067947,151.95623474296823,9.438429128645764,3.468609911262337e-05,3.468609911262337e-05
168.0,-1195.2483653073177,2.0,575.287441231796,151.5770004008291,9.440684406490043,4.1450013374001496e-05,4.1450013374001496e-05
169.0,-1196.200538398406,2.0,575.2764574236621,151.10047944268797,9.443382673044832,1.6762460613448492e-05,1.6762460613448492e-05
170.0,-1196.5832211078882,2.0,575.2720027531175,150.74339948304006,9.444463947583616,4.654508205926443e-06,4.654508205926443e-06
171.0,-1196.6889860839422,2.0,575.2707754939264,150.4844355330206,9.44476186502893,2.3813296479563045e-05,2.3813296479563045e-05
172.0,-1197.228197424302,2.0,575.2645139895941,150.3262319194803,9.44627610464942,1.8864627055871075e-05,1.8864627055871075e-05
173.0,-1197.6544660892687,2.0,575.2595354773824,149.90232121961722,9.447476444786584,5.7661854684382874e-05,5.7661854684382874e-05
174.0,-1198.9498544744808,2.0,575.2443236078198,149.45626956585096,9.451114311053859,1.0125780002615271e-05,1.0125780002615271e-05
175.0,-1199.1760261823583,2.0,575.2416642825275,149.15440907742567,9.451747577259047,9.390085873898081e-05,9.390085873898081e-05
176.0,-1201.2642168328093,2.0,575.2171419612008,148.62860412030625,9.457631016958755,5.876465354483912e-05,5.876465354483912e-05
177.0,-1202.5620333278682,2.0,575.2018010165446,148.13177040070045,9.461282757259175,6.109647935338488e-05,6.109647935338488e-05
178.0,-1203.9023281895124,2.0,575.1858120093312,147.873123950466,9.465082785586173,6.341043954820743e-05,6.341043954820743e-05
179.0,-1205.2885202023529,2.0,575.169182837313,147.46375927592842,9.4690331078084,1.882012855698737e-06,1.882012855698737e-06
180.0,-1205.329445301176,2.0,575.1686934736116,147.2481510078925,9.469149461963125,7.081479997476185e-05,7.081479997476185e-05
181.0,-1206.8643953333667,2.0,575.1502907099274,146.8728707920966,9.473533577793818,1.6058778335919216e-05,1.6058778335919216e-05
182.0,-1207.2107861000868,2.0,575.1461430604147,146.72904788346494,9.474528766787305,3.014973132233338e-05,3.014973132233338e-05
183.0,-1207.8598102507349,2.0,575.1383269916724,146.56810382664517,9.476398631079231,9.746232342437221e-05,9.746232342437221e-05
184.0,-1209.9526675903594,2.0,575.1129841022457,146.16504142834938,9.482454405874249,7.094958378586451e-05,7.094958378586451e-05
185.0,-1211.4680021817321,2.0,575.0946618307961,145.66818319945648,9.486837315510568,3.0508191462894086e-06,3.0508191462894086e-06
186.0,-1211.5327373574041,2.0,575.0938719006251,145.32077322268023,9.487024032429025,3.328043823870309e-05,3.328043823870309e-05
187.0,-1212.2354603381239,2.0,575.0853085797096,145.07660571702064,9.489061166828035,1.9447927417616948e-05,1.9447927417616948e-05
188.0,-1212.644752103634,2.0,575.080303522311,144.89121219781168,9.490252509752414,4.333626672980736e-05,4.333626672980736e-05
189.0,-1213.5543674657692,2.0,575.0691256198915,144.7174299868066,9.492909881583646,0.00018265111915781337,0.00018265111915781337
190.0,-1217.376782224614,2.0,575.0219059202647,144.32318401278616,9.504088281197138,9.322984308617269e-06,9.322984308617269e-06
191.0,-1217.5709649568003,2.0,575.0194945283985,144.02973426300144,9.504656172338558,9.047931708906273e-06,9.047931708906273e-06
192.0,-1217.7586534090647,2.0,575.0171658299677,143.8366986309856,9.505203289610966,1.0875415356835236e-06,1.0875415356835236e-06
193.0,-1217.7811534515815,2.0,575.0168856768757,143.6254374181442,9.50526907285768,6.628601685520699e-06,6.628601685520699e-06
194.0,-1217.9178863204115,2.0,575.0151782465026,143.30390183095315,9.505667462347004,4.3405556331066916e-05,4.3405556331066916e-05
195.0,-1218.8091061566752,2.0,575.004097281569,143.0819870788915,9.508277153548121,9.307414794936604e-06,9.307414794936604e-06
196.0,-1218.9996446315706,2.0,575.0017157785992,142.719423046611,9.508837099235837,5.727088534853211e-05,5.727088534853211e-05
197.0,-1220.1659157711697,2.0,574.9871185817419,142.48053965354765,9.512284501562949,5.652580882605451e-05,5.652580882605451e-05
198.0,-1221.31316888368,2.0,574.9726871097654,142.08315008207134,9.515691783288926,5.8782926966629426e-05,5.8782926966629426e-05
199.0,-1222.4995765568087,2.0,574.9577873177391,141.87427337336257,9.519208056094078,1.0508333191128908e-05,1.0508333191128908e-05
200.0,-1222.711082667571,2.0,574.9551168320093,141.59032781414095,9.519837092125647,4.0852156319307746e-05,4.0852156319307746e-05
201.0,-1223.529945762481,2.0,574.9447808240939,141.4244837104512,9.522284873018348,3.234902628618726e-05,3.234902628618726e-05
202.0,-1224.1768717131831,2.0,574.9365684847597,141.26848388009753,9.524215021618247,1.1322534307848582e-05,1.1322534307848582e-05
203.0,-1224.4028229658616,2.0,574.9336836026815,141.0815046721259,9.524887508466787,5.644370813153376e-06,5.644370813153376e-06
204.0,-1224.515165973299,2.0,574.9322426189674,140.90034966968184,9.525222876255508,1.3066631545457848e-05,1.3066631545457848e-05
205.0,-1224.7745633125,2.0,574.9288999907377,140.4857337431474,9.52599960077747,2.701998849775774e-06,2.701998849775774e-06
206.0,-1224.8278900467355,2.0,574.9282060520768,140.28051070006313,9.526160178523176,9.81805343498902e-05,9.81805343498902e-05
207.0,-1226.7592028620838,2.0,574.9029820218559,140.01315509264523,9.531965860961243,2.6380323699055944e-05,2.6380323699055944e-05
208.0,-1227.2763010353258,2.0,574.8961965460057,139.70141791592894,9.533518373810546,3.710907465732199e-05,3.710907465732199e-05
209.0,-1228.0004346686023,2.0,574.8866975485204,139.35692715604026,9.535704396880803,1.2109810574693465e-05,1.2109810574693465e-05
210.0,-1228.2356003575323,2.0,574.8836257028022,139.07785820553448,9.536411981999475,1.3877534426901688e-05,1.3877534426901688e-05
211.0,-1228.5040141465756,2.0,574.8801186778178,138.71941239483755,9.537223304929022,6.338844227245e-05,6.338844227245e-05
212.0,-1229.7235006458054,2.0,574.8641626800069,138.43213536660852,9.540899164650865,2.9794618749120665e-05,2.9794618749120665e-05
213.0,-1230.29440216759,2.0,574.8566771934125,138.08419418606744,9.542628778669007,3.026530577828021e-05,3.026530577828021e-05
214.0,-1230.871409988656,2.0,574.8491307019985,137.87091825591924,9.544386210833053,2.368771157190529e-05,2.368771157190529e-05
215.0,-1231.3216336993594,2.0,574.8432211773755,137.5947469874073,9.545753964968949,5.321256501943399e-05,5.321256501943399e-05
216.0,-1232.3288619982397,2.0,574.8299891503251,137.36887610019207,9.548830105648703,5.266917501430464e-05,5.266917501430464e-05
217.0,-1233.322537421131,2.0,574.8168659257474,137.0407247482051,9.55185991478789,1.1766856798193514e-05,1.1766856798193514e-05
218.0,-1233.543510786038,2.0,574.813948291145,136.63557231198791,9.552531991744829,1.6131066457385567e-06,1.6131066457385567e-06
219.0,-1233.5736261356274,2.0,574.8135467156055,136.46274785480986,9.552623228622334,2.2466101484088376e-06,2.2466101484088376e-06
220.0,-1233.6154623282778,2.0,574.8129857607519,136.1473688916599,9.55274952599642,8.222311844085231e-06,8.222311844085231e-06
221.0,-1233.7678671223086,2.0,574.8109477734143,135.8813659107936,9.553211681890277,0.0001809257837559078,0.0001809257837559078
222.0,-1237.1060991450836,2.0,574.7662507534227,135.55075768179594,9.56341050367173,2.55371878261477e-05,2.55371878261477e-05
223.0,-1237.5752735336096,2.0,574.7599371972877,135.35181767953105,9.564844114193566,1.567668449475294e-07,1.567668449475294e-07
224.0,-1237.5781455184388,2.0,574.7598983674136,135.0700863059104,9.564852861987887,5.791324706701676e-06,5.791324706701676e-06
225.0,-1237.6837996795089,2.0,574.7584700517289,134.8902636681074,9.565173493921442,6.318793080160348e-05,6.318793080160348e-05
226.0,-1238.8332497016108,2.0,574.7428569815204,134.55994137079588,9.568653188445648,6.645546160766118e-05,6.645546160766118e-05
227.0,-1240.0362109678495,2.0,574.7265152897759,134.1857829132146,9.572289238572179,7.29261608167248e-05,7.29261608167248e-05
228.0,-1241.3489389876975,2.0,574.7087300628101,133.89358299361828,9.576249618957677,3.133290397611176e-06,3.133290397611176e-06
229.0,-1241.4051103494348,2.0,574.7079673348203,133.70730855018462,9.576418650235958,4.166151289338029e-05,4.166151289338029e-05
230.0,-1242.14980142915,2.0,574.6978130728022,133.41474108174697,9.578667992604542,4.542056367558591e-05,4.542056367558591e-05
231.0,-1242.9581239832457,2.0,574.6867807792604,133.1330765756357,9.581103693912283,2.2806539241679146e-05,2.2806539241679146e-05
232.0,-1243.362321371325,2.0,574.6812522702883,132.80966286694323,9.58232771063404,6.058444993568023e-05,6.058444993568023e-05
233.0,-1244.4306877281826,2.0,574.6666815804683,132.4937262229112,9.585553505770791,1.164456739190152e-05,1.164456739190152e-05
234.0,-1244.6350942381628,2.0,574.6638899545043,132.22760373724728,9.586169001853248,0.0001566124005726626,0.0001566124005726626
235.0,-1247.371695645465,2.0,574.626484632165,131.72535516028796,9.59446826547921,9.188675873852712e-05,9.188675873852712e-05
236.0,-1248.9655164746941,2.0,574.6046132306197,131.45315240661557,9.599347388938746,2.2979350049148045e-05,2.2979350049148045e-05
237.0,-1249.362563389996,2.0,574.5991434298239,131.12365980974965,9.600568870944672,6.483738168521828e-05,6.483738168521828e-05
238.0,-1250.477065058648,2.0,574.5838020024607,130.79188487610097,9.604018125648528,3.788938282481561e-05,3.788938282481561e-05
239.0,-1251.1251272916343,2.0,574.5748806235894,130.49244181842857,9.606036070596097,0.0001643604917261994,0.0001643604917261994
240.0,-1253.922160861901,2.0,574.5363513746013,130.15221840334902,9.614813515390628,4.361163509903397e-06,4.361163509903397e-06
241.0,-1253.996036010427,2.0,574.5353300132056,129.91818776493386,9.615045145204592,7.476336610638637e-05,7.476336610638637e-05
242.0,-1255.2575910615524,2.0,574.5178488461032,129.5969409631703,9.618990885720294,7.266097392115779e-05,7.266097392115779e-05
243.0,-1256.477624232952,2.0,574.5009315620766,129.19206748328278,9.622801614189093,1.4142221458269618e-05,1.4142221458269618e-05
244.0,-1256.713653613342,2.0,574.4976445786724,128.85749371605144,9.623536767716438,9.107284627038637e-05,9.107284627038637e-05
245.0,-1258.2253272051842,2.0,574.4766503536124,128.42824089179786,9.62827845041643,4.798504908053553e-05,4.798504908053553e-05
246.0,-1259.0166391442704,2.0,574.4655976000496,128.08473546712173,9.630779126012143,2.8378057188903724e-05,2.8378057188903724e-05
247.0,-1259.4821507712202,2.0,574.4591012383605,127.75176638824841,9.632245795315711,1.6959639420445182e-05,1.6959639420445182e-05
248.0,-1259.7589229134096,2.0,574.4552390552859,127.46156942462116,9.633122460665485,5.970075097465967e-05,5.970075097465967e-05
249.0,-1260.7286286838382,2.0,574.4417737948327,127.14277155243113,9.636210580290212,3.123025814861401e-05,3.123025814861401e-05
250.0,-1261.2334148564782,2.0,574.4347640198386,126.83460008822652,9.637814359816673,1.5710873670985066e-05,1.5710873670985066e-05
251.0,-1261.4861408687998,2.0,574.4312534932542,126.56282938603933,9.638621650068028,3.318492327358733e-08,3.318492327358733e-08
252.0,-1261.4866724298045,2.0,574.431246103013,126.38641241128414,9.638623341853872,5.4384305876836e-06,5.4384305876836e-06
253.0,-1261.573541549259,2.0,574.4300330362655,126.17871949991957,9.638898776277644,0.0002458035703862145,0.0002458035703862145
254.0,-1265.483367264594,2.0,574.3752020969154,125.74186222413131,9.651391979628325,6.940145865085452e-06,6.940145865085452e-06
255.0,-1265.5930951614328,2.0,574.3736579932743,125.40616322236257,9.65174528246123,1.6916807262711405e-05,1.6916807262711405e-05
256.0,-1265.8591239094987,2.0,574.3698946455154,125.05975568893393,9.652606513704,5.616267182988133e-06,5.616267182988133e-06
257.0,-1265.9469601499536,2.0,574.3686455080363,124.73788361206277,9.652892423293139,2.4960943259121285e-05,2.4960943259121285e-05
258.0,-1266.3353043277884,2.0,574.3631376231941,124.4607720852569,9.654152334466776,5.192167613412132e-05,5.192167613412132e-05
259.0,-1267.139438500416,2.0,574.3517270606892,124.07637818585106,9.656775705793901,4.939193767171336e-06,4.939193767171336e-06
260.0,-1267.215475706495,2.0,574.3506415628384,123.7779269160454,9.657022957202285,4.4849464305605536e-05,4.4849464305605536e-05
261.0,-1267.9024968373028,2.0,574.340847216517,123.47422150461941,9.65926901690936,6.320721880876133e-05,6.320721880876133e-05
262.0,-1268.8659181062617,2.0,574.3272078994247,123.11374817982505,9.66243718921045,5.419201973803605e-05,5.419201973803605e-05
263.0,-1269.6871387053545,2.0,574.3155851203447,122.79554941657405,9.665131521261927,6.041765033389011e-06,6.041765033389011e-06
264.0,-1269.778238887402,2.0,574.3143024708004,122.68386667483901,9.665429413205231,3.337705084123924e-05,3.337705084123924e-05
265.0,-1270.2805453923963,2.0,574.3071758577622,122.37398468994438,9.667076089337709,4.56265000377089e-05,4.56265000377089e-05
266.0,-1270.9637042728004,2.0,574.297513147388,122.05934184713348,9.66932833352427,1.3023648672813083e-05,1.3023648672813083e-05
267.0,-1271.1577274848157,2.0,574.2947681133011,121.85497125623286,9.669966110558095,0.00012564270801737788,0.00012564270801737788
268.0,-1273.0224797854512,2.0,574.2682975479254,121.54620509762415,9.676130579289676,1.5001807119246183e-05,1.5001807119246183e-05
269.0,-1273.2440963770914,2.0,574.2651385649106,121.40952665672023,9.67686201971629,3.9656975827580873e-07,3.9656975827580873e-07
270.0,-1273.2499419151463,2.0,574.265054481731,121.17815512604155,9.67688135938778,3.4625406987761094e-05,3.4625406987761094e-05
271.0,-1273.7583221117682,2.0,574.2578115957265,120.98106299132624,9.678570404487795,5.687442651921086e-06,5.687442651921086e-06
272.0,-1273.841564171227,2.0,574.2566204278197,120.73646488673405,9.678847953811873,1.2466956608769346e-05,1.2466956608769346e-05
273.0,-1274.0232904433046,2.0,574.2540428380643,120.46022680828585,9.67945634721584,2.4001820835217816e-05,2.4001820835217816e-05
274.0,-1274.3715425844393,2.0,574.2491296866141,120.10784415414592,9.680627850713044,1.7611268097457935e-05,1.7611268097457935e-05
275.0,-1274.6255846287263,2.0,574.2455264385596,119.75961897135659,9.681479417562427,6.865509392340046e-05,6.865509392340046e-05
276.0,-1275.6100145962241,2.0,574.231488461254,119.4850885664848,9.684769871524825,9.833224779760137e-06,9.833224779760137e-06
277.0,-1275.7503954398667,2.0,574.229480924772,119.26439364430787,9.68524146941379,4.431720086676582e-05,4.431720086676582e-05
278.0,-1276.3806615868539,2.0,574.2204435177733,118.97760132497865,9.68736864605097,2.8338584723385377e-06,2.8338584723385377e-06
279.0,-1276.420776337463,2.0,574.2198680042363,118.69597543446135,9.687503606484174,3.3464342442276888e-06,3.3464342442276888e-06
280.0,-1276.4679227872493,2.0,574.2191918218706,118.40108292474157,9.687663022089723,1.772299870328149e-05,1.772299870328149e-05
281.0,-1276.7163622665976,2.0,574.2156344503566,118.18622053003573,9.688499699481447,3.1590120349456326e-05,3.1590120349456326e-05
282.0,-1277.1575620445933,2.0,574.2092876621225,117.97641824145212,9.689980846301044,3.710722335810081e-05,3.710722335810081e-05
283.0,-1277.6739674192982,2.0,574.2018167741186,117.68668253119023,9.691722096627016,0.00013861803710855865,0.00013861803710855865
284.0,-1279.5928938903428,2.0,574.1742629665746,117.34500663036629,9.698182306489784,5.003519151111862e-06,5.003519151111862e-06
285.0,-1279.6617903668407,2.0,574.1732718789856,117.06671768688716,9.698415722354774,2.0036115772154117e-05,2.0036115772154117e-05
286.0,-1279.9363579835353,2.0,574.1693349195086,116.76277856686647,9.699342171989684,0.00012845978430982386,0.00012845978430982386
287.0,-1281.6869197172725,2.0,574.1442884631276,116.42428071773487,9.705290889446475,4.96559048923747e-05,4.96559048923747e-05
288.0,-1282.359867570531,2.0,574.1346465073775,116.19342236292641,9.70759382155984,7.579127000356143e-05,7.579127000356143e-05
289.0,-1283.3828433536028,2.0,574.1199379440038,115.90433945199672,9.711087860106199,2.9266696518774834e-06,2.9266696518774834e-06
290.0,-1283.422159287711,2.0,574.119378604852,115.65279545804427,9.71122171557447,8.899100754538692e-07,8.899100754538692e-07
291.0,-1283.43406230403,2.0,574.1192104611471,115.35839008957345,9.711262408181867,2.8482737388643426e-06,2.8482737388643426e-06
292.0,-1283.47196549107,2.0,574.118675891448,115.09375123246738,9.711392689472305,2.2768130139172746e-05,2.2768130139172746e-05
293.0,-1283.7735409063869,2.0,574.1144477209668,114.83768055716922,9.712425049680926,2.0545497067043322e-05,2.0545497067043322e-05
294.0,-1284.044469012881,2.0,574.110687174824,114.53210193919348,9.713348926326947,4.1878368700356915e-06,4.1878368700356915e-06
295.0,-1284.0994025811863,2.0,574.1099261350586,114.31792366909036,9.713537217634176,6.14854525148047e-05,6.14854525148047e-05
296.0,-1284.902756963305,2.0,574.0987603771172,114.16653809842668,9.71630458637369,1.0379596790122383e-05,1.0379596790122383e-05
297.0,-1285.0380397012138,2.0,574.0968643245461,113.9362779271458,9.716769462874515,3.9601058874766474e-05,3.9601058874766474e-05
298.0,-1285.5520489272642,2.0,574.089636604844,113.62861623134725,9.718544508869215,7.791820607782923e-06,7.791820607782923e-06
299.0,-1285.6526499914276,2.0,574.0882228193556,113.45731035467811,9.718890782449,2.570613683399358e-05,2.570613683399358e-05
300.0,-1285.9835241615503,2.0,574.0835496636728,113.22152724848084,9.720025723577018,1.6134647900929045e-05,1.6134647900929045e-05
301.0,-1286.1903444305249,2.0,574.0806189455207,112.9956329288056,9.720732672074666,7.241936622939228e-05,7.241936622939228e-05
302.0,-1287.114762593952,2.0,574.0674814302463,112.81857877408436,9.723883749360931,2.2297847374749464e-05,2.2297847374749464e-05
303.0,-1287.3985484427062,2.0,574.0634082918542,112.68489242630649,9.724848784546358,7.810279955370763e-05,7.810279955370763e-05
304.0,-1288.3900220872174,2.0,574.0490736866742,112.44386045080176,9.728233294073307,3.476053816805047e-05,3.476053816805047e-05
305.0,-1288.829468753831,2.0,574.0426823476078,112.13879738169814,9.729729782609118,1.799245999262298e-06,1.799245999262298e-06
306.0,-1288.8520943307076,2.0,574.0423540711175,111.89799968762084,9.729806512030509,5.937846888929846e-05,5.937846888929846e-05
307.0,-1289.5954311404093,2.0,574.031659279687,111.6286592205379,9.732340175916077,0.00014622184154399829,0.00014622184154399829
308.0,-1291.4165863951903,2.0,574.0053977138467,111.28571744152421,9.738541218462586,4.832498325895055e-05,4.832498325895055e-05
309.0,-1292.0149690871322,2.0,573.9967554951618,110.95440969469514,9.740576086063472,6.37340724436412e-05,6.37340724436412e-05
310.0,-1292.7994208419575,2.0,573.9854456338098,110.62875153777895,9.743236767872586,1.395093355489232e-06,1.395093355489232e-06
311.0,-1292.8164949182958,2.0,573.9851999882757,110.38578021442551,9.743294457893642,5.2576487392893534e-05,5.2576487392893534e-05
312.0,-1293.4570252485953,2.0,573.9760549851377,110.07410191025332,9.74544996956218,5.986968154941392e-05,5.986968154941392e-05
313.0,-1294.1822763141406,2.0,573.9656926964742,109.8182605824452,9.747907652959498,5.560201977120771e-05,5.560201977120771e-05
314.0,-1294.852712224747,2.0,573.9560820479611,109.55530911001385,9.750173552882366,6.1488937214843e-05,6.1488937214843e-05
315.0,-1295.590570445825,2.0,573.9454698941918,109.32062627881513,9.752660617177773,0.00019176011474439787,0.00019176011474439787
316.0,-1297.880802132791,2.0,573.9123967179096,108.98960570721626,9.760440149377118,3.925620656653284e-05,3.925620656653284e-05
317.0,-1298.347054106981,2.0,573.9056379710925,108.7324524366177,9.762035497403359,0.0002232316680309526,0.0002232316680309526
318.0,-1300.9842699747608,2.0,573.8677512402845,108.4564293042566,9.771053301744928,3.6794375447123824e-05,3.6794375447123824e-05
319.0,-1301.4170209754295,2.0,573.8614918083232,108.0987540256261,9.772533115866738,7.230410603085469e-05,7.230410603085469e-05
320.0,-1302.261712321287,2.0,573.8491524238134,107.78127829246307,9.775443766620514,0.0001425093471753597,0.0001425093471753597
321.0,-1303.9164169123383,2.0,573.8249640193675,107.41744802160618,9.781139169348302,4.0690841074144825e-05,4.0690841074144825e-05
322.0,-1304.3858638909414,2.0,573.8181045545845,107.12442282180159,9.782767759603107,1.0138118874892708e-05,1.0138118874892708e-05
323.0,-1304.502201324116,2.0,573.8164052495493,106.85437387504427,9.783173731625455,1.8927386644885698e-05,1.8927386644885698e-05
324.0,-1304.7182977434345,2.0,573.8132559131736,106.59335397405668,9.783931754114585,8.170771306765273e-05,8.170771306765273e-05
325.0,-1305.6464171884536,2.0,573.7997170424894,106.26699652247609,9.787208254216193,4.7651189715240135e-05,4.7651189715240135e-05
326.0,-1306.1844403444775,2.0,573.7918800530448,106.05021800547992,9.789120681943407,0.0002005118590578616,0.0002005118590578616
327.0,-1308.438007149866,2.0,573.7589164505474,105.72484149774318,9.797127073716048,8.128233747797522e-05,8.128233747797522e-05
328.0,-1309.346312224063,2.0,573.7455797829501,105.34647407224139,9.800353822535799,6.086929669746259e-05,6.086929669746259e-05
329.0,-1310.0216937597625,2.0,573.7355659878474,105.06872104947577,9.802747073946223,3.956800494709369e-05,3.956800494709369e-05
330.0,-1310.458444063088,2.0,573.729080578127,104.8059004136536,9.80430427442439,9.560126803096039e-05,9.560126803096039e-05
331.0,-1311.5082172625666,2.0,573.7135868223447,104.41394701007997,9.808071248037944,0.00011648340390844192,0.00011648340390844192
332.0,-1312.7776521055125,2.0,573.6946481483866,104.07876162764674,9.812668866264909,1.3673953658544526e-05,1.3673953658544526e-05
333.0,-1312.925766848277,2.0,573.6924391438605,103.88257296427432,9.81320398870851,1.442160312231296e-06,1.442160312231296e-06
334.0,-1312.9413299741852,2.0,573.6922101655031,103.70827268060229,9.813260424703122,2.59421560623179e-06,2.59421560623179e-06
335.0,-1312.9692315729317,2.0,573.6917975862035,103.44376130533989,9.813361959771083,2.0753411908837242e-05,2.0753411908837242e-05
336.0,-1313.1912903229631,2.0,573.688517525132,103.17179847138286,9.814174322320614,1.3567361054650032e-05,1.3567361054650032e-05
337.0,-1313.3357004313782,2.0,573.6863851030034,102.90581363361605,9.814700564880074,3.07905763270525e-05,3.07905763270525e-05
338.0,-1313.661726885157,2.0,573.6815827425278,102.57815579206697,9.815883799618566,1.4010162977804403e-05,1.4010162977804403e-05
339.0,-1313.8091387878858,2.0,573.6793966508793,102.32753059288459,9.81642227438109,5.2193947787032986e-05,5.2193947787032986e-05
340.0,-1314.3555618824757,2.0,573.6712852584001,102.02732354389946,9.818411299801847,0.000294712578934602,0.000294712578934602
341.0,-1317.4203551883743,2.0,573.6258600785523,101.62494444809785,9.82957295282789,4.82064872445581e-05,4.82064872445581e-05
342.0,-1317.9181335071507,2.0,573.618464487596,101.34655101272801,9.831402536277599,0.00012277015232232277,0.00012277015232232277
343.0,-1319.178604728771,2.0,573.5998081547245,101.03672724170279,9.836069188356225,3.1479034415593976e-06,3.1479034415593976e-06
344.0,-1319.2107395129185,2.0,573.5993319293708,100.71347033965665,9.836187847984835,3.2124985073136356e-05,3.2124985073136356e-05
345.0,-1319.536554692,2.0,573.5944476221293,100.45909960569088,9.837385935973149,0.00016128592777900894,0.00016128592777900894
346.0,-1321.1633763920395,2.0,573.5702176562202,100.17320558715915,9.843356479069774,3.2739205430847646e-05,3.2739205430847646e-05
347.0,-1321.4918677050073,2.0,573.5652965457739,99.89332596696528,9.844569980059209,7.957832059307901e-06,7.957832059307901e-06
348.0,-1321.5712742300298,2.0,573.5641085145973,99.58693657690061,9.844862060070925,0.00014564858550415047,0.00014564858550415047
349.0,-1323.0150487220662,2.0,573.5423589331878,99.30647200292174,9.850158903191087,4.805761635361396e-05,4.805761635361396e-05
350.0,-1323.4889062217555,2.0,573.5353263418202,99.10959564051416,9.851893781346599,1.3063321195796523e-05,1.3063321195796523e-05
351.0,-1323.617217877983,2.0,573.5334125497791,98.90333104146794,9.852361832471155,8.559471748010539e-05,8.559471748010539e-05
352.0,-1324.454257744303,2.0,573.5210941760662,98.6141611640588,9.8554314479688,6.009336587813223e-06,6.009336587813223e-06
353.0,-1324.5126959024544,2.0,573.5202333967304,98.4168330137974,9.855647100527328,0.00010016972181816383,0.00010016972181816383
354.0,-1325.4826095762144,2.0,573.5058727257721,98.21161436735707,9.85924681978936,1.6795616741889812e-05,1.6795616741889812e-05
355.0,-1325.6446032055044,2.0,573.5034578430104,97.93302442208939,9.859850881097632,3.795755541102646e-05,3.795755541102646e-05
356.0,-1326.008604569024,2.0,573.4980232875783,97.64956557504263,9.861216471852222,6.544911054894821e-05,6.544911054894821e-05
357.0,-1326.6325579658326,2.0,573.4887132061134,97.36649765791283,9.863572841485066,2.2515402544322874e-05,2.2515402544322874e-05
358.0,-1326.845993723831,2.0,573.4855418445843,97.2130024209668,9.864375917095488,3.052257593990155e-05,3.052257593990155e-05
359.0,-1327.1344149170482,2.0,573.4812255038087,97.00093744004776,9.865465264646282,1.2696512578337348e-05,1.2696512578337348e-05
360.0,-1327.253873829165,2.0,573.4794312723133,96.74622681021214,9.86591467537467,8.524350953938044e-05,8.524350953938044e-05
361.0,-1328.0515209705397,2.0,573.4675035320232,96.49550953711754,9.868934544102164,0.0003555407752990654,0.0003555407752990654
362.0,-1331.3583451848526,2.0,573.4178599756593,96.10811866453602,9.881588746749744,0.00020252038241617363,0.00020252038241617363
363.0,-1333.2277790311982,2.0,573.3896470345654,95.79854141071566,9.888767407802492,8.368462689336544e-07,8.368462689336544e-07
364.0,-1333.2354590509535,2.0,573.3895327832761,95.57250369172776,9.88879684024992,6.446018635670996e-05,6.446018635670996e-05
365.0,-1333.8241261370422,2.0,573.3807646223754,95.27444834446723,9.89104462824915,1.4813733263173847e-05,1.4813733263173847e-05
366.0,-1333.958587413134,2.0,573.378759521444,95.14758995200789,9.891556066291065,2.4653724379197206e-05,2.4653724379197206e-05
367.0,-1334.181761977211,2.0,573.3754029073978,94.91249514042667,9.892407647136851,1.7789938126154182e-06,1.7789938126154182e-06
368.0,-1334.197787743736,2.0,573.3751636467734,94.72650801977366,9.892469092932645,1.5454535787576274e-05,1.5454535787576274e-05
369.0,-1334.3364563644648,2.0,573.3730821867628,94.46571994712639,9.892998450896371,0.00016420711684989224,0.00016420711684989224
370.0,-1335.801056083012,2.0,573.3511152823071,94.13247152339626,9.898575568997265,9.066931052835322e-05,9.066931052835322e-05
371.0,-1336.6042445845287,2.0,573.3391327149336,93.83896350647,9.901629391951,2.1010767290706944e-05,2.1010767290706944e-05
372.0,-1336.7892482033576,2.0,573.336380745408,93.58586318483552,9.90233737270547,2.9441718093274585e-06,2.9441718093274585e-06
373.0,-1336.815033950294,2.0,573.3359974129384,93.45080420430462,9.902436615205971,5.1866941418738254e-05,5.1866941418738254e-05
374.0,-1337.2679185806926,2.0,573.3292139554534,93.18050101760129,9.904173211642433,3.41610746511364e-05,3.41610746511364e-05
375.0,-1337.5644947015298,2.0,573.3247841555907,92.97160323376204,9.905317472655911,6.985195453615638e-05,6.985195453615638e-05
376.0,-1338.1681465601016,2.0,573.3157286585206,92.79879202391948,9.90763895199188,1.9387781188893123e-05,1.9387781188893123e-05
377.0,-1338.3350968160519,2.0,573.3132058332147,92.62527853708292,9.908278872084722,6.689228019167427e-05,6.689228019167427e-05
378.0,-1338.908879338716,2.0,573.3046951296218,92.43143508354137,9.910488314100158,9.640549695541665e-05,9.640549695541665e-05
379.0,-1339.7322873355013,2.0,573.292411991248,92.12736338475109,9.913677553526185,7.132878586412191e-05,7.132878586412191e-05
380.0,-1340.337556801177,2.0,573.2833982158531,91.80963049207804,9.916040628238981,2.1313807932818345e-05,2.1313807932818345e-05
381.0,-1340.5171995142873,2.0,573.2807084941843,91.61590662653103,9.91674700741884,5.61040124141236e-05,5.61040124141236e-05
382.0,-1340.988028070549,2.0,573.2737641309949,91.37845486795607,9.918607448577335,5.4609321727572906e-06,5.4609321727572906e-06
383.0,-1341.0336262320566,2.0,573.2730895298101,91.19605220623984,9.918788623655217,3.4483411975443196e-05,3.4483411975443196e-05
384.0,-1341.3203859508783,2.0,573.2689158913944,90.96225384235038,9.919932949384764,6.247044376032424e-05,6.247044376032424e-05
385.0,-1341.8371796918655,2.0,573.2613734039759,90.66583639079983,9.922008105395642,8.423323053438924e-05,8.423323053438924e-05
386.0,-1342.5294299271313,2.0,573.2512967110378,90.46612278815782,9.924810031929194,4.671197152018346e-05,4.671197152018346e-05
387.0,-1342.9116743428126,2.0,573.2458500718176,90.22513868142256,9.926364984551515,8.68821870101133e-05,8.68821870101133e-05
388.0,-1343.6187667522283,2.0,573.2358655996995,89.98044336359938,9.929232524055307,0.00015742766186250046,0.00015742766186250046
389.0,-1344.8927970894433,2.0,573.2180961299993,89.66317721728898,9.93443821837082,1.737078275962101e-05,1.737078275962101e-05
390.0,-1345.0324422454448,2.0,573.2161567246196,89.41823625687725,9.935007321182903,6.342171824667665e-05,6.342171824667665e-05
391.0,-1345.539445386655,2.0,573.209122373588,89.14994490644541,9.937066388741997,4.6778654506476894e-05,4.6778654506476894e-05
392.0,-1345.9111784281233,2.0,573.2039855811023,89.01402487465573,9.938570730589017,9.62496500369233e-06,9.62496500369233e-06
393.0,-1345.9874396920204,2.0,573.2029214355423,88.75319997362037,9.938878237335858,0.00022429419759643253,0.00022429419759643253
394.0,-1347.7530916357186,2.0,573.1783546775096,88.39419790992947,9.946063337129353,1.9307763720728948e-05,1.9307763720728948e-05
395.0,-1347.9039450932805,2.0,573.1762614795696,88.11080369911122,9.946676329694045,1.525000113055119e-05,1.525000113055119e-05
396.0,-1348.022333453399,2.0,573.174609708894,87.8736274004358,9.947155187773031,3.6157803815150435e-06,3.6157803815150435e-06
397.0,-1348.0502534026477,2.0,573.1742222407081,87.59969510771148,9.94726871447229,3.958857093771132e-05,3.958857093771132e-05
398.0,-1348.354009834225,2.0,573.1699857805572,87.42190379003672,9.948511973058931,9.37136164978213e-05,9.37136164978213e-05
399.0,-1349.070032707447,2.0,573.1602206761115,87.22509197476744,9.951433192007405,3.148291558438129e-05,3.148291558438129e-05
400.0,-1349.3095400403558,2.0,573.1569335493539,86.97778258273964,9.952407388598798,3.998660815716797e-05,3.998660815716797e-05
401.0,-1349.6120095801766,2.0,573.1527864184092,86.70113320779882,9.953645683332477,1.9223883031390232e-05,1.9223883031390232e-05
402.0,-1349.7565092135103,2.0,573.1508116179216,86.48918342171036,9.954234907373806,1.5168556239164513e-05,1.5168556239164513e-05
403.0,-1349.8699708390532,2.0,573.1492557515414,86.30523470224979,9.95469551736092,5.7239165146745795e-06,5.7239165146745795e-06
404.0,-1349.9126052731363,2.0,573.1486817772965,86.09125134562485,9.954867737983257,7.0770719120997e-05,7.0770719120997e-05
405.0,-1350.4370315049368,2.0,573.1416006705102,85.8836835778899,9.956977708179492,6.974217517982766e-05,6.974217517982766e-05
406.0,-1350.951349431729,2.0,573.1347955335242,85.58234406927996,9.959039866156061,2.2557559351239576e-05,2.2557559351239576e-05
407.0,-1351.1165581571843,2.0,573.1326015693545,85.39771089857906,9.959707105848482,0.00017608140698284816,0.00017608140698284816
408.0,-1352.400047220753,2.0,573.1158985684139,85.11820134051133,9.964925153980447,1.7734747922002787e-05,1.7734747922002787e-05
409.0,-1352.5285310444776,2.0,573.1142521022292,84.95905857909702,9.96544601742509,4.0148168804997814e-05,4.0148168804997814e-05
410.0,-1352.818290139144,2.0,573.1106376318584,84.73500950433223,9.96661535747772,0.0001036360635673186,0.0001036360635673186
411.0,-1353.562187536285,2.0,573.1013214494984,84.57355604804785,9.969638511967565,1.0309423639331954e-05,1.0309423639331954e-05
412.0,-1353.6359255275345,2.0,573.1003888139287,84.31680077270795,9.969939484058331,0.00024477168671704165,0.00024477168671704165
413.0,-1355.374915388912,2.0,573.0784813703897,83.93719398041048,9.977026142896955,5.072621207297075e-05,5.072621207297075e-05
414.0,-1355.7322546487667,2.0,573.073962797107,83.67328427042084,9.978479963031095,3.532388404832747e-05,3.532388404832747e-05
415.0,-1355.9795408228833,2.0,573.0708447127903,83.43201401016104,9.979493236615621,5.4003173816807665e-05,5.4003173816807665e-05
416.0,-1356.3553957936015,2.0,573.066140749475,83.13785046869941,9.981026521378368,6.878850870988225e-05,6.878850870988225e-05
417.0,-1356.8307653915522,2.0,573.0601641116178,82.95969138956913,9.98298100990152,2.1316325154452006e-05,2.1316325154452006e-05
418.0,-1356.9774624211923,2.0,573.0583014569091,82.77403541534464,9.983587135924347,1.626744173660803e-05,1.626744173660803e-05
419.0,-1357.0889145242313,2.0,573.0568790828394,82.60269652302068,9.984049930692384,9.743565462382193e-06,9.743565462382193e-06
420.0,-1357.1553951094743,2.0,573.0560254654868,82.31450779091632,9.984327237861711,3.677865209037123e-06,3.677865209037123e-06
421.0,-1357.180314890819,2.0,573.0557025567981,82.08312814736951,9.9844318904178,6.0372653778788245e-05,6.0372653778788245e-05
422.0,-1357.587016955929,2.0,573.0504393965501,81.81126197951966,9.98613274285088,9.547453181628135e-05,9.547453181628135e-05
423.0,-1358.2258695383273,2.0,573.0421872513655,81.50416187468058,9.988825276637353,8.421003871982998e-06,8.421003871982998e-06
424.0,-1358.2818083782106,2.0,573.0414622104875,81.23189838961986,9.989060052819204,0.00021095825264997914,0.00021095825264997914
425.0,-1359.6730389314268,2.0,573.0233573624178,80.88342428484233,9.99495303254993,6.6195322050955e-05,6.6195322050955e-05
426.0,-1360.1060187461849,2.0,573.0177543678158,80.68421465363143,9.996805705431298,9.950683426161401e-05,9.950683426161401e-05
427.0,-1360.7536263753718,2.0,573.0095638014267,80.47592129374794,9.999567630741186,3.970981556834643e-05,3.970981556834643e-05
428.0,-1361.010774139519,2.0,573.0062919376833,80.25760223210185,10.000671030566217,4.4918465152452484e-05,4.4918465152452484e-05
429.0,-1361.3000712806138,2.0,573.002595440397,79.9936100353902,10.001907516159616,0.00010728520766968409,0.00010728520766968409
430.0,-1361.9863874617447,2.0,572.9938430155396,79.70275143075604,10.004863812522386,0.00017094018629342487,0.00017094018629342487
431.0,-1363.0717889938048,2.0,572.9800320159096,79.35964433452749,10.009583250258364,1.3845410462358425e-05,1.3845410462358425e-05
432.0,-1363.1589834875817,2.0,572.9789170182358,79.11308443758173,10.009965730530277,1.5105707866742817e-06,1.5105707866742817e-06
433.0,-1363.1684379305084,2.0,572.9787965796098,78.87565047511265,10.01000747469022,2.8156106085543456e-05,2.8156106085543456e-05
434.0,-1363.3435940724883,2.0,572.9765718504191,78.595814103371,10.01077738398592,9.590182081210254e-06,9.590182081210254e-06
435.0,-1363.4028339802237,2.0,572.9758157715015,78.35764334088796,10.011036492823703,5.57954468093332e-05,5.57954468093332e-05
436.0,-1363.745361694946,2.0,572.9714674757348,78.22600384145534,10.012544467326455,2.842965714112947e-05,2.842965714112947e-05
437.0,-1363.919318122877,2.0,572.9692331749926,77.9291968922845,10.013313374180976,9.216789040281356e-05,9.216789040281356e-05
438.0,-1364.4789098117335,2.0,572.9619767341914,77.7812321507814,10.015777235445828,6.034482838163195e-05,6.034482838163195e-05
439.0,-1364.8439313937324,2.0,572.957192297069,77.51175590844325,10.017379904779679,6.061887774482416e-05,6.061887774482416e-05
440.0,-1365.2080740513068,2.0,572.9524296131298,77.21876521611296,10.018972137838125,6.0334343370919536e-05,6.0334343370919536e-05
441.0,-1365.5677727217749,2.0,572.9477065566665,77.02276208634957,10.020538367050051,6.997976091947575e-05,6.997976091947575e-05
442.0,-1365.9828488340745,2.0,572.9422272173202,76.73612380307802,10.022339328133743,1.4560362363847923e-06,1.4560362363847923e-06
443.0,-1365.9914225713235,2.0,572.9421147324575,76.57555080525192,10.022376824074312,3.7469795675657946e-05,3.7469795675657946e-05
444.0,-1366.211115973671,2.0,572.939213258044,76.3636454333691,10.02333310301285,3.053314861617773e-06,3.053314861617773e-06
445.0,-1366.2289209459066,2.0,572.9389824925325,76.21965931371741,10.023411021682827,8.106803408938822e-05,8.106803408938822e-05
446.0,-1366.6997774955835,2.0,572.9328119321187,75.93284788194521,10.025463134907938,4.372884497284565e-05,4.372884497284565e-05
447.0,-1366.951879280879,2.0,572.929526544696,75.6219712957361,10.026557709515727,1.1545145012535497e-05,1.1545145012535497e-05
448.0,-1367.017900230088,2.0,572.928654979772,75.40175999991665,10.026846701779455,0.00010249201290546838,0.00010249201290546838
449.0,-1367.6004483954603,2.0,572.9209665503952,75.14103889516184,10.029415639172361,0.0001279602160444806,0.0001279602160444806
450.0,-1368.3226828244988,2.0,572.9114367250143,74.8457282294149,10.032629212277959,0.00011489189303609221,0.00011489189303609221
451.0,-1368.966092950077,2.0,572.9029671634704,74.55586012178054,10.035484054866124,6.658662399846374e-05,6.658662399846374e-05
452.0,-1369.3361527823317,2.0,572.8981074462266,74.3665940971673,10.037120012854308,5.52775828216767e-05,5.52775828216767e-05
453.0,-1369.6418134457372,2.0,572.8940662828429,74.07460242276277,10.038466050908392,8.30310498030569e-05,8.30310498030569e-05
454.0,-1370.097305646585,2.0,572.8880098257629,73.8001077188799,10.040463255722806,6.5560623136043e-05,6.5560623136043e-05
455.0,-1370.454314638732,2.0,572.8832826049836,73.54217427278616,10.04202283120867,0.00039144972537889447,0.00039144972537889447
456.0,-1372.5691805833096,2.0,572.8554462122434,73.13092454065882,10.051257767332167,0.00010616463231295275,0.00010616463231295275
457.0,-1373.136797199064,2.0,572.8480337798322,72.80248708255094,10.053737840505978,0.00012719654291169018,0.00012719654291169018
458.0,-1373.8107274393114,2.0,572.8391175904985,72.56312223364343,10.056672544068663,4.4787473239711975e-05,4.4787473239711975e-05
459.0,-1374.0465227374148,2.0,572.8360608321834,72.44167485698662,10.05769496068193,1.2887686518512037e-05,1.2887686518512037e-05
460.0,-1374.1141523014135,2.0,572.835172913763,72.15708166187122,10.05798684221173,2.393772646475604e-05,2.393772646475604e-05
461.0,-1374.2387793461844,2.0,572.8335187725253,71.93942466906047,10.05852895477894,2.8848093777740282e-05,2.8848093777740282e-05
462.0,-1374.3880644654807,2.0,572.8315382007944,71.71279797685918,10.059174874369353,7.348752915799835e-05,7.348752915799835e-05
463.0,-1374.7659143249662,2.0,572.826575861608,71.47329046590636,10.060821249210695,0.0001957762527141431,0.0001957762527141431
464.0,-1375.7654848557,2.0,572.8134524360831,71.22921180427235,10.065165307319424,0.00024324849018925217,0.00024324849018925217
465.0,-1376.9988064022307,2.0,572.7976599717614,70.88462543551107,10.070579373964158,0.00011582349785353688,0.00011582349785353688
466.0,-1377.5805911628913,2.0,572.7902695746109,70.60947396263148,10.073163697018252,0.00020011856544072346,0.00020011856544072346
467.0,-1378.5777713662078,2.0,572.7776614588687,70.36538007447817,10.077641146225904,3.454954500429254e-05,3.454954500429254e-05
468.0,-1378.7488198822614,2.0,572.7754816460908,70.20188982538487,10.078415217562018,0.00031064177433456864,0.00031064177433456864
469.0,-1380.2784576410186,2.0,572.7558259228576,69.81554696506491,10.08539875059901,0.00024000702806140553,0.00024000702806140553
470.0,-1381.4475329681893,2.0,572.7406541997364,69.52087285472803,10.090738792871328,6.529392167809782e-05,6.529392167809782e-05
471.0,-1381.763051990607,2.0,572.7366070311996,69.28321292744903,10.09217615485636,0.0003576924258456045,0.0003576924258456045
472.0,-1383.4783558517765,2.0,572.7146352431671,68.90648601069681,10.100082124260291,6.566382095554282e-05,6.566382095554282e-05
473.0,-1383.790078298914,2.0,572.7106772754087,68.72630327154599,10.101518015290848,0.00011641533619141339,0.00011641533619141339
474.0,-1384.339767828766,2.0,572.7038787472934,68.46084698546385,10.10403984805511,0.0002996754321148078,0.0002996754321148078
475.0,-1385.7431535056335,2.0,572.6866140769467,68.22810727266446,10.11047344970233,0.00017099169219551453,0.00017099169219551453
476.0,-1386.5387591628278,2.0,572.6767140881442,67.95915417883941,10.11415531734619,3.852177238481525e-06,3.852177238481525e-06
477.0,-1386.5565500496011,2.0,572.6764933763078,67.79980043685256,10.114238342768218,0.00012873442975503213,0.00012873442975503213
478.0,-1387.1481098196734,2.0,572.6690900030367,67.60887571644278,10.116987603198654,0.0003366582942112812,0.0003366582942112812
479.0,-1388.6855456911887,2.0,572.6496902748564,67.26350673645784,10.1241320535043,1.274898321318918e-05,1.274898321318918e-05
480.0,-1388.7432249177937,2.0,572.6489665360731,67.05135671625625,10.124403038406571,1.4503668730261707e-05,1.4503668730261707e-05
481.0,-1388.8084291508226,2.0,572.6481495904999,66.83133435542837,10.124707670842414,0.00011691919317589193,0.00011691919317589193
482.0,-1389.330472898573,2.0,572.6416336755341,66.58685942425613,10.127166857592732,0.00040159481031887116,0.00040159481031887116
483.0,-1391.1091125375942,2.0,572.6195913318169,66.26197617261316,10.135646876990174,0.00015780016634346368,0.00015780016634346368
484.0,-1391.8016599732935,2.0,572.6111482107442,65.98410983901643,10.138987548119047,0.00032008153659271297,0.00032008153659271297
485.0,-1393.1940492508363,2.0,572.5942535625663,65.75483723511958,10.145788604643304,3.6132166116046136e-05,3.6132166116046136e-05
486.0,-1393.3502585380277,2.0,572.592333962743,65.62476173452855,10.146557491173017,4.280551383634804e-05,4.280551383634804e-05
487.0,-1393.534583848955,2.0,572.5900384467027,65.40846256580649,10.147468995805102,8.662390880596145e-06,8.662390880596145e-06
488.0,-1393.5716429995614,2.0,572.5895782099955,65.20935518734596,10.14765134147664,0.0001999515887763725,0.0001999515887763725
489.0,-1394.4214276957564,2.0,572.5790310396213,64.9047576152092,10.151868863389302,4.9018160672559124e-05,4.9018160672559124e-05
490.0,-1394.627895542648,2.0,572.5764416024991,64.68336676462535,10.152903625067045,2.4312548874039444e-06,2.4312548874039444e-06
491.0,-1394.6380676952351,2.0,572.5763144999969,64.445897292699,10.152954945948427,6.239039715317381e-05,6.239039715317381e-05
492.0,-1394.8971482760521,2.0,572.5730403922822,64.30788188832717,10.154272353153539,0.0001168103322915824,0.0001168103322915824
493.0,-1395.3800650704666,2.0,572.5668581554196,64.05038571165231,10.156719912263522,6.212523940992097e-05,6.212523940992097e-05
494.0,-1395.634887880183,2.0,572.5636126890203,63.81938566912556,10.158006882480294,0.0001822698074866772,0.0001822698074866772
495.0,-1396.3768879602412,2.0,572.5542020421775,63.56443887779997,10.161743562490074,4.0083854994500575e-05,4.0083854994500575e-05
496.0,-1396.5388265813149,2.0,572.5521639584302,63.405525516259004,10.162556167910779,0.0001395579063071628,0.0001395579063071628
497.0,-1397.099672354352,2.0,572.5452958462524,63.20377047436131,10.16538875352523,5.0794757002967074e-05,5.0794757002967074e-05
498.0,-1397.3025549225829,2.0,572.5427956013292,62.99420141741274,10.166420745120357,0.00027146217770287014,0.00027146217770287014
499.0,-1398.378994838757,2.0,572.5295286572584,62.683609672475875,10.171950590301984,3.634255618124978e-05,3.634255618124978e-05
500.0,-1398.5217791430932,2.0,572.5277784139081,62.50250394703828,10.172682468114214,0.0002733062996654892,0.0002733062996654892
501.0,-1399.5886732968188,2.0,572.5149155189209,62.21117609448445,10.178137292564163,0.00013643303394459484,0.00013643303394459484
502.0,-1400.1165045438024,2.0,572.5085926644001,62.045156545542845,10.180865061542345,9.915179862787368e-05,9.915179862787368e-05
503.0,-1400.4980970847569,2.0,572.503958002749,61.821772290477305,10.182850098097783,5.847422140160497e-05,5.847422140160497e-05
504.0,-1400.7215460915857,2.0,572.5012474625837,61.575184240048934,10.184007894400702,1.3630095263231585e-05,1.3630095263231585e-05
505.0,-1400.7732227253307,2.0,572.5006134692923,61.44750990296614,10.1842742570908,4.207099039990298e-05,4.207099039990298e-05
506.0,-1400.9320560861947,2.0,572.4986370596868,61.20550908539015,10.185096856813091,0.00011798783360378024,0.00011798783360378024
507.0,-1401.373909620373,2.0,572.4930761051883,60.96769356351638,10.187375304414743,0.00022040108351898698,0.00022040108351898698
508.0,-1402.192659378428,2.0,572.4828203150742,60.783893785633246,10.191586588364457,1.7798154507768302e-05,1.7798154507768302e-05
509.0,-1402.2584146949168,2.0,572.4819849360159,60.66540981408553,10.191923768832535,0.00031204561080626115,0.00031204561080626115
510.0,-1403.4058557113576,2.0,572.4671959325502,60.39679532652504,10.197795803548962,0.00011325227756904355,0.00011325227756904355
511.0,-1403.8188472089298,2.0,572.4619634960438,60.19525333302182,10.199930461876484,9.89502842932074e-05,9.89502842932074e-05
512.0,-1404.1772948989938,2.0,572.457497806973,59.980349289073686,10.201797357891413,2.5783719676115765e-07,2.5783719676115765e-07
513.0,-1404.1782225043562,2.0,572.4574862499377,59.81401326733811,10.20180216532509,8.525138837064261e-05,8.525138837064261e-05
514.0,-1404.4831581223752,2.0,572.4536667132652,59.648842969354114,10.20339307746091,3.055474845475266e-05,3.055474845475266e-05
515.0,-1404.5918625367478,2.0,572.4523454225166,59.45627900595006,10.203957389503964,4.166421159681383e-05,4.166421159681383e-05
516.0,-1404.7391311663373,2.0,572.4505536000181,59.28172072726552,10.204727351394483,4.484298782066402e-06,4.484298782066402e-06
517.0,-1404.754890249761,2.0,572.4503606888409,59.12987220841081,10.204810247952366,3.192649681762006e-05,3.192649681762006e-05
518.0,-1404.8665066774215,2.0,572.448983930118,58.952795706763695,10.205394091015341,6.368397053349704e-06,6.368397053349704e-06
519.0,-1404.888639232224,2.0,572.4487100153136,58.7326437746737,10.205510583596151,3.635244131063562e-05,3.635244131063562e-05
520.0,-1405.0140256276923,2.0,572.4471455692428,58.51102136843036,10.206175653324422,0.00035091163226631073,0.00035091163226631073
521.0,-1406.2142564563462,2.0,572.4322296594464,58.20935712444413,10.21261586589033,0.0002661470907861909,0.0002661470907861909
522.0,-1407.1154059891924,2.0,572.421113377178,57.99182841850547,10.217452686370507,7.03696881351603e-05,7.03696881351603e-05
523.0,-1407.3520184892632,2.0,572.4182768028824,57.835304443780565,10.218732888689715,1.0942694294347235e-05,1.0942694294347235e-05
524.0,-1407.3886198888044,2.0,572.4178505060823,57.609538883292885,10.218931983285792,0.000143781936392026,0.000143781936392026
525.0,-1407.8656295735755,2.0,572.412235387981,57.343792099284514,10.221550559509081,9.910790867590447e-05,9.910790867590447e-05
526.0,-1408.1914411892408,2.0,572.4083667122277,57.14064835788201,10.223357172812197,0.0001080529578602843,0.0001080529578602843
527.0,-1408.5441390140202,2.0,572.4042384279351,56.939873774216835,10.225328597912556,3.870482029185081e-06,3.870482029185081e-06
528.0,-1408.5566875661932,2.0,572.4040910837658,56.82502042027209,10.225399245589356,8.866788723408794e-05,8.866788723408794e-05
529.0,-1408.842936778093,2.0,572.4006743614702,56.6333099597055,10.227003445423202,7.017399173793519e-05,7.017399173793519e-05
530.0,-1409.067966450576,2.0,572.3979819657573,56.49427989597354,10.228274177062193,1.0725962442625111e-05,1.0725962442625111e-05
531.0,-1409.1021985059049,2.0,572.3975657846901,56.343579037459776,10.22846655724557,0.00041401996343677736,0.00041401996343677736
532.0,-1410.4151281913835,2.0,572.3814141903683,56.06330739406278,10.235917331187594,0.00013833260943053985,0.00013833260943053985
533.0,-1410.8497643985745,2.0,572.3761780795471,55.86685529925829,10.238382758080105,1.6915426403445555e-05,1.6915426403445555e-05
534.0,-1410.9025569261012,2.0,572.375554878757,55.730573346896186,10.238680860448794,4.722870577889521e-06,4.722870577889521e-06
535.0,-1410.9172254966961,2.0,572.3753794393235,55.51543751817574,10.238764111530026,5.6973217753866464e-05,5.6973217753866464e-05
536.0,-1411.0927890598741,2.0,572.3732626899148,55.33804908660587,10.239755055894868,2.4129236436101667e-05,2.4129236436101667e-05
537.0,-1411.1666754213384,2.0,572.3723665831957,55.15229801591853,10.240169973898757,8.909495820821997e-06,8.909495820821997e-06
538.0,-1411.1937754899704,2.0,572.3720374873533,54.945679562996574,10.240321290811623,0.000178079021911144,0.000178079021911144
539.0,-1411.7311536962852,2.0,572.3655400899988,54.736898997186586,10.243309320843409,1.0169414494492755e-05,1.0169414494492755e-05
540.0,-1411.761621765047,2.0,572.3651693302062,54.56963393460276,10.243477993388142,9.828073825038267e-05,9.828073825038267e-05
541.0,-1412.0542120254418,2.0,572.3615949640842,54.32107164769236,10.245089238988399,1.209274639524976e-05,1.209274639524976e-05
542.0,-1412.0898939277195,2.0,572.3611533761277,54.163995659461754,10.245287538105895,4.937656092499872e-06,4.937656092499872e-06
543.0,-1412.104379533979,2.0,572.3609728198029,54.05333743682793,10.245368518592672,0.000384271269914598,0.000384271269914598
544.0,-1413.2260172490965,2.0,572.3467275142764,53.73204640967904,10.251690393752598,0.00016172435343426243,0.00016172435343426243
545.0,-1413.6927419133756,2.0,572.3407442499974,53.47306901135443,10.25431848602427,2.8510193870010286e-05,2.8510193870010286e-05
546.0,-1413.774257050387,2.0,572.3396900684346,53.28287733096342,10.254775335401952,1.4353651301982068e-05,1.4353651301982068e-05
547.0,-1413.8150064937008,2.0,572.3391659908798,53.14391333564843,10.255005346004001,7.792197390685658e-05,7.792197390685658e-05
548.0,-1414.035035470814,2.0,572.3363057426762,52.93414082029972,10.256254967556107,0.0001911852419464207,0.0001911852419464207
549.0,-1414.5704777533954,2.0,572.3293688093441,52.75159066687896,10.259325567798946,7.40590830625963e-05,7.40590830625963e-05
550.0,-1414.7765250950067,2.0,572.3267801798804,52.56548352756856,10.260502613264988,4.8333779183019434e-06,4.8333779183019434e-06
551.0,-1414.7898801818883,2.0,572.3266149271954,52.43211986619385,10.260578447825404,9.731675053994923e-05,9.731675053994923e-05
552.0,-1415.0573498082606,2.0,572.3234107189982,52.240211298884425,10.262088545833944,7.76265671013784e-05,7.76265671013784e-05
553.0,-1415.2691538052336,2.0,572.3208631479642,52.04012593138497,10.263278611264765,4.94754988532401e-05,4.94754988532401e-05
554.0,-1415.4031251889614,2.0,572.3192495300884,51.86222197809967,10.26403769701232,8.629600230039019e-05,8.629600230039019e-05
555.0,-1415.6351833512895,2.0,572.3164456067767,51.68056819935343,10.265345608757157,7.511485125611436e-05,7.511485125611436e-05
556.0,-1415.8357677252918,2.0,572.314002132642,51.503554064386236,10.266485151069885,8.956292140563939e-05,8.956292140563939e-05
557.0,-1416.0732898353547,2.0,572.3111644562126,51.337697548252414,10.267844818146584,4.925285681195731e-07,4.925285681195731e-07
558.0,-1416.0745879219414,2.0,572.3111487377303,51.20046556375068,10.267852206142166,0.00023745525115232278,0.00023745525115232278
559.0,-1416.6967059886822,2.0,572.3038482706639,51.02116088196762,10.271420160450422,0.0003259807547070983,0.0003259807547070983
560.0,-1417.544599320682,2.0,572.2937390755715,50.72154535935695,10.276333870408969,0.00014375074617105105,0.00014375074617105105
561.0,-1417.9142910942498,2.0,572.2892749249262,50.513995864645324,10.278471389814271,3.997736728585598e-05,3.997736728585598e-05
562.0,-1418.01628982046,2.0,572.2880381635817,50.373774091845576,10.279066320066164,0.0002638669796303869,0.0002638669796303869
563.0,-1418.6854206568744,2.0,572.2798015680557,50.15947935505935,10.2829553638765,0.0004184514119162073,0.0004184514119162073
564.0,-1419.7371437186844,2.0,572.2667600998368,49.88352218651696,10.289068152311529,6.001398367876821e-05,6.001398367876821e-05
565.0,-1419.886458440812,2.0,572.2649245077694,49.68829026641286,10.289933822609026,2.8462094166670168e-05,2.8462094166670168e-05
566.0,-1419.9567243297224,2.0,572.2640650782904,49.579576260831594,10.290338581125164,0.00021573499519538306,0.00021573499519538306
567.0,-1420.486748991847,2.0,572.2574442645624,49.326412781309685,10.293378957268773,9.288956412042694e-05,9.288956412042694e-05
568.0,-1420.7127067259555,2.0,572.2546005583331,49.17420353125492,10.294689421179516,0.00019333172481243266,0.00019333172481243266
569.0,-1421.1799806588906,2.0,572.2486490535765,48.95349177513078,10.297388289376883,4.0285828700321735e-05,4.0285828700321735e-05
570.0,-1421.2765138381287,2.0,572.2474175861512,48.74136919563627,10.297943074062523,5.6043257439642465e-05,5.6043257439642465e-05
571.0,-1421.409638620465,2.0,572.2457295206766,48.56547621598391,10.298715345902103,0.00022269382177174523,0.00022269382177174523
572.0,-1421.9345990508136,2.0,572.2390353136813,48.35889697366231,10.301789951411292,0.00011312269532142344,0.00011312269532142344
573.0,-1422.1990726964164,2.0,572.2356340730151,48.18711197279942,10.303332807827422,0.00023446308206566226,0.00023446308206566226
574.0,-1422.7431847204618,2.0,572.2287744008684,47.92926056851023,10.306494288591365,7.118383782481754e-05,7.118383782481754e-05
575.0,-1422.9066809054843,2.0,572.2266889703683,47.78742943442768,10.30745504771988,0.000260833256905433,0.000260833256905433
576.0,-1423.5019548724372,2.0,572.2193352558701,47.594655774272034,10.31093881931452,0.0001099876543836993,0.0001099876543836993
577.0,-1423.7510391638489,2.0,572.2163420181854,47.42252558368932,10.31240977339424,5.236485174883274e-05,5.236485174883274e-05
578.0,-1423.8687875678652,2.0,572.2149121382195,47.2462766716491,10.313110630738445,1.3810530993796979e-05,1.3810530993796979e-05
579.0,-1423.8996145711985,2.0,572.2145359311988,47.128948865852806,10.313292893583276,4.2395683743608806e-05,4.2395683743608806e-05
580.0,-1423.9937717426144,2.0,572.2133659457261,46.926386830455634,10.313845893609646,0.00026676321988215436,0.00026676321988215436
581.0,-1424.5808355392076,2.0,572.2060910359204,46.66680077615654,10.317333109421753,0.0006069991357343712,0.0006069991357343712
582.0,-1425.900848838949,2.0,572.1898617565364,46.344147441981946,10.325309221017053,0.0003163876863487979,0.0003163876863487979
583.0,-1426.5798695101669,2.0,572.1814598603689,46.07817055102844,10.329417191297349,1.9864162512833765e-05,1.9864162512833765e-05
584.0,-1426.622043060178,2.0,572.1809420496551,45.86362598945304,10.329671247522802,0.000344393170199417,0.000344393170199417
585.0,-1427.3458686735535,2.0,572.1721499922753,45.632075169539185,10.334087593907133,7.41760845298174e-05,7.41760845298174e-05
586.0,-1427.5002972253283,2.0,572.1702645590096,45.44111680638665,10.335026463407893,5.433282025652303e-05,5.433282025652303e-05
587.0,-1427.612474277255,2.0,572.168895271413,45.217430323999224,10.335714522972637,0.00020148261903272605,0.00020148261903272605
588.0,-1428.0242308084478,2.0,572.1637478721503,44.98039204157925,10.338269933912898,0.0002136710319988607,0.0002136710319988607
589.0,-1428.4563161457463,2.0,572.1582796188163,44.81144741967338,10.340941790825775,0.0002302969622869819,0.0002302969622869819
590.0,-1428.9185137055733,2.0,572.1526159358284,44.54359058740479,10.343827300446522,0.00021127211126726022,0.00021127211126726022
591.0,-1429.337493562719,2.0,572.1473359276056,44.31599920713654,10.346479310737815,4.0027229734441914e-05,4.0027229734441914e-05
592.0,-1429.416095818243,2.0,572.1463490402406,44.18329256652713,10.346974325896646,0.00020025121502152823,0.00020025121502152823
593.0,-1429.8068328407862,2.0,572.1415869153274,43.999517384458755,10.349454412403908,3.8073215599078486e-06,3.8073215599078486e-06
594.0,-1429.8142035868425,2.0,572.1414960921813,43.80717685897703,10.349500934542812,1.5012362750298606e-05,1.5012362750298606e-05
595.0,-1429.8430123090457,2.0,572.141144068536,43.590124517955736,10.349681415055619,0.00010254958304682298,0.00010254958304682298
596.0,-1430.037818791062,2.0,572.1387011516506,43.4459801270602,10.350915257501438,2.7376213142144413e-05,2.7376213142144413e-05
597.0,-1430.089489489303,2.0,572.13807217878,43.26778705256137,10.351240445856165,0.00014827944193500413,0.00014827944193500413
598.0,-1430.3669862788995,2.0,572.1346809186539,43.02077926602057,10.35300371211437,0.0004349153780091734,0.0004349153780091734
599.0,-1431.1710921567962,2.0,572.1245830963743,42.82052978062674,10.35819253060058,0.0001854879355786164,0.0001854879355786164
600.0,-1431.5110531987202,2.0,572.120500944863,42.603227930882056,10.360410000719837,2.239266781082987e-05,2.239266781082987e-05
601.0,-1431.5516945175327,2.0,572.1200159013792,42.453027420519675,10.36067782469793,2.2058214571219e-05,2.2058214571219e-05
602.0,-1431.5914470767834,2.0,572.1195370434029,42.2438859510139,10.360941697101502,0.00022961856426889442,0.00022961856426889442
603.0,-1432.0009886006333,2.0,572.1146663530653,42.01022395115663,10.363646606364494,1.0989155098083163e-05,1.0989155098083163e-05
604.0,-1432.020382404703,2.0,572.1144332745506,41.84248967438444,10.363776120812977,3.281833991626426e-05,3.281833991626426e-05
605.0,-1432.077836096458,2.0,572.1137418078973,41.66837494763411,10.364162982110985,0.00013200328654556245,0.00013200328654556245
606.0,-1432.3069558900625,2.0,572.1109792457011,41.441387926481646,10.365720391328388,7.191893191978637e-05,7.191893191978637e-05
607.0,-1432.430447663049,2.0,572.1095068667806,41.21739198902162,10.366569432437318,0.0001998374156890408,0.0001998374156890408
608.0,-1432.7697849655303,2.0,572.1053502672164,41.00349982139187,10.36889177614643,0.00047137261905275655,0.00047137261905275655
609.0,-1433.5614067722818,2.0,572.0956619367603,40.69545608501798,10.374301556890268,0.0005481161473756849,0.0005481161473756849
610.0,-1434.467958091378,2.0,572.0842176071452,40.37880347267168,10.38050696024702,0.00011848765722922644,0.00011848765722922644
611.0,-1434.6610907531997,2.0,572.0817134722416,40.236864237680564,10.381826704540993,0.0001781901263711276,0.0001781901263711276
612.0,-1434.9494577264777,2.0,572.0781076689314,39.989771128025204,10.383787218271232,0.00017441826212173515,0.00017441826212173515
613.0,-1435.2282662587454,2.0,572.0745184258203,39.79233096950552,10.385673772402116,0.00014599675971663142,0.00014599675971663142
614.0,-1435.4593601036636,2.0,572.071532133533,39.658274607003335,10.387229675108347,3.119026224184802e-05,3.119026224184802e-05
615.0,-1435.5084117854221,2.0,572.070884176969,39.53297006876417,10.387562249367711,0.00015834220416784418,0.00015834220416784418
616.0,-1435.755783484392,2.0,572.0677220069817,39.33464637535403,10.389228732916159,0.0001873633379644842,0.0001873633379644842
617.0,-1436.04554430131,2.0,572.0640243483135,39.16763785926638,10.391203072205666,0.00019502797044378012,0.00019502797044378012
618.0,-1436.344598251941,2.0,572.060162312857,38.99697874168477,10.393261672847633,4.022068174090809e-05,4.022068174090809e-05
619.0,-1436.4057586284052,2.0,572.0593896573502,38.81438951143108,10.393686351350176,0.0002464973595538842,0.0002464973595538842
620.0,-1436.77690359929,2.0,572.0547293622656,38.584542952559545,10.396250000509253,0.00013066993459619032,0.00013066993459619032
621.0,-1436.9713803042212,2.0,572.0522595776232,38.3709814658646,10.39758654207379,2.6302736867277655e-05,2.6302736867277655e-05
622.0,-1437.0101042379763,2.0,572.0517733752763,38.226721997713575,10.397850892331995,8.38264769437621e-05,8.38264769437621e-05
623.0,-1437.1325738924622,2.0,572.0502200972821,38.05179610730052,10.398680809649173,3.202731318775059e-05,3.202731318775059e-05
624.0,-1437.178943941629,2.0,572.0496311120572,37.884803464955525,10.398992656856716,4.632112999729558e-05,4.632112999729558e-05
625.0,-1437.245419350384,2.0,572.0487850076161,37.752749051508296,10.399436079163346,0.00011301100575768119,0.00011301100575768119
626.0,-1437.4064472221726,2.0,572.0468008224128,37.624094477617305,10.40051875129705,0.00011788031523710903,0.00011788031523710903
627.0,-1437.5732684602508,2.0,572.0448547098105,37.45088050940407,10.401632870431632,4.97346330991209e-05,4.97346330991209e-05
628.0,-1437.64301644947,2.0,572.0440344395272,37.270350816190735,10.402103199847913,0.00010994226120626057,0.00010994226120626057
629.0,-1437.7956951238539,2.0,572.0422407393017,37.124993790521366,10.403143823742386,7.10231044464424e-05,7.10231044464424e-05
630.0,-1437.8935674257461,2.0,572.0411279893489,36.96830165867328,10.403816420579743,1.8054913936504642e-05,1.8054913936504642e-05
631.0,-1437.918241228423,2.0,572.040853767176,36.80523232463499,10.40398742265722,8.83853250257834e-05,8.83853250257834e-05
632.0,-1438.03794560971,2.0,572.0395356678789,36.61583099273708,10.404824954555774,0.0010114789063268444,0.0010114789063268444
633.0,-1439.3908692942673,2.0,572.0246700566512,36.31838489950894,10.414471188686962,0.0003415026600604276,0.0003415026600604276
634.0,-1439.840965198148,2.0,572.0196469799213,36.10261224926501,10.41773884465611,0.00011011917535516673,0.00011011917535516673
635.0,-1439.984458139533,2.0,572.0180336848821,35.95847291286854,10.418793697540172,2.00585036520683e-05,2.00585036520683e-05
636.0,-1440.0103928362735,2.0,572.017736315984,35.86125495615692,10.418985902284135,0.0003399806102459903,0.0003399806102459903
637.0,-1440.4472821650081,2.0,572.0130021882195,35.64432463060843,10.4222501229785,0.0006148459708645705,0.0006148459708645705
638.0,-1441.227368413853,2.0,572.0045971650235,35.39246145453558,10.428075791208558,5.663978444511558e-05,5.663978444511558e-05
639.0,-1441.2983077948911,2.0,572.0038578978453,35.25807574757914,10.42861287842985,4.9995646621762304e-05,4.9995646621762304e-05
640.0,-1441.3604519419766,2.0,572.0031999845833,35.14854419810796,10.429080043091917,0.0001605510750982118,0.0001605510750982118
641.0,-1441.5587277958043,2.0,572.0010347116456,34.99758803306873,10.430561247426274,0.0005363619819831489,0.0005363619819831489
642.0,-1442.2148876513647,2.0,571.9940981659018,34.753347804992565,10.435449554476646,0.00016783734205917143,0.00016783734205917143
643.0,-1442.4175241095195,2.0,571.9919609308165,34.584464876136444,10.436954842033831,0.00012140621465694448,0.00012140621465694448
644.0,-1442.5626965500742,2.0,571.9904154296854,34.40414053623168,10.43802641877458,2.1488115636152416e-05,2.1488115636152416e-05
645.0,-1442.5881296123296,2.0,571.9901457448964,34.284655552702354,10.438212690608472,3.74778040908257e-05,3.74778040908257e-05
646.0,-1442.6321787144107,2.0,571.9897001294989,34.128676664435915,10.438532560486244,0.00017137717957413807,0.00017137717957413807
647.0,-1442.8317161402888,2.0,571.987708732685,33.9654461515275,10.439970355025048,0.0001967744300052878,0.0001967744300052878
648.0,-1443.0586250050728,2.0,571.9855145873684,33.814979853345626,10.441594518289055,0.0012127600783520477,0.0012127600783520477
649.0,-1444.4415963928066,2.0,571.972778567513,33.457860646953506,10.45151479403948,2.5440414329911177e-05,2.5440414329911177e-05
650.0,-1444.4700735097747,2.0,571.9725142985169,33.30881159535814,10.451723175097687,0.00012420001847677687,0.00012420001847677687
651.0,-1444.6078326636584,2.0,571.9712244093528,33.17510527931409,10.452723024272128,0.0004631287224065849,0.0004631287224065849
652.0,-1445.1170231171734,2.0,571.966355950224,32.95299698761387,10.456401816179932,7.457112140171446e-05,7.457112140171446e-05
653.0,-1445.197986521517,2.0,571.9655846770345,32.827449547221114,10.456994857580629,0.0005751200464032929,0.0005751200464032929
654.0,-1445.816971913695,2.0,571.959540542797,32.59883875706208,10.461510093941625,0.0001388393686114225,0.0001388393686114225
655.0,-1445.9644688174037,2.0,571.958160768392,32.49278442437856,10.462581177775997,0.0001534509005796589,0.0001534509005796589
656.0,-1446.126424376657,2.0,571.9567632962185,32.27500307730517,10.46374877393622,0.00017408557362838403,0.00017408557362838403
657.0,-1446.307695120484,2.0,571.9551255209176,32.14004346009049,10.465074703054594,0.0010768539505300948,0.0010768539505300948
658.0,-1447.4174271828265,2.0,571.9456834365852,31.853017996749255,10.473330597035202,0.0003569063375499948,0.0003569063375499948
659.0,-1447.7792664996657,2.0,571.9425862235415,31.661469119582524,10.476076364731203,0.00010186373461350011,0.00010186373461350011
660.0,-1447.8813568374792,2.0,571.9417142103406,31.48113162510011,10.476860936093956,0.0007834181126185795,0.0007834181126185795
661.0,-1448.6564378991354,2.0,571.9349934211092,31.212145762489065,10.48292137257815,9.676071156419484e-05,9.676071156419484e-05
662.0,-1448.7506820751569,2.0,571.9341703471347,31.048646078557088,10.483655963503125,0.000820579942462644,0.000820579942462644
663.0,-1449.5403215928754,2.0,571.9273019563456,30.82474242104443,10.48991351471414,4.081105691898103e-05,4.081105691898103e-05
664.0,-1449.5790953893015,2.0,571.9269571731655,30.678049760792156,10.490225077608763,0.00027527195415095286,0.00027527195415095286
665.0,-1449.8380103676468,2.0,571.924665887076,30.473814763840103,10.492291687033452,9.738229031573706e-06,9.738229031573706e-06
666.0,-1449.8470536148063,2.0,571.9245883560618,30.29048711828345,10.492364833467201,2.8922035127779164e-06,2.8922035127779164e-06
667.0,-1449.8497072340906,2.0,571.9245645788633,30.199772089952656,10.492386552602351,0.0001894977540155654,0.0001894977540155654
668.0,-1450.022462860171,2.0,571.9231305888491,29.986967206270492,10.493810808918166,1.9429871301903714e-05,1.9429871301903714e-05
669.0,-1450.0399338091333,2.0,571.9229779992555,29.82791047383832,10.493953721206944,1.0201566503622425e-05,1.0201566503622425e-05
670.0,-1450.0490099845133,2.0,571.9228986851398,29.719206598228844,10.494028739345039,0.0010811043209518712,0.0010811043209518712
671.0,-1451.0016323420869,2.0,571.9143633142313,29.465623050674306,10.5020268884982,0.0005519796057254985,0.0005519796057254985
672.0,-1451.4803027528644,2.0,571.9099802287736,29.29529756817634,10.50612566020979,0.0005669960088398307,0.0005669960088398307
673.0,-1451.9663139638415,2.0,571.9058108034072,29.064585977303178,10.51028280883014,6.923213031773434e-05,6.923213031773434e-05
674.0,-1452.024789070813,2.0,571.9053010081551,28.9327841588493,10.510780494554155,0.00015955857947030013,0.00015955857947030013
675.0,-1452.1583105008924,2.0,571.904129038226,28.75515934869243,10.511908618262648,0.00010249266376541455,0.00010249266376541455
676.0,-1452.2430388756839,2.0,571.9033750224215,28.610490701639662,10.512633444864399,0.0009182005009378276,0.0009182005009378276
677.0,-1452.9931522188265,2.0,571.8967157243208,28.354966856911066,10.519039984620779,0.0007706561531713245,0.0007706561531713245
678.0,-1453.611730800723,2.0,571.8912490407702,28.084585065509973,10.524334519948862,0.00025359245963971455,0.00025359245963971455
679.0,-1453.811639836529,2.0,571.8893977962806,27.89853388600655,10.526040802368449,8.661091858306268e-05,8.661091858306268e-05
680.0,-1453.8790387418858,2.0,571.8887940228657,27.749186610128877,10.526611993765043,0.00036497244678840854,0.00036497244678840854
681.0,-1454.159848632695,2.0,571.886314459993,27.561450381303587,10.529024507655143,0.00026397403898918047,0.00026397403898918047
682.0,-1454.3602564550097,2.0,571.8845446404604,27.412983400380252,10.530735940191624,1.7718864554888135e-05,1.7718864554888135e-05
683.0,-1454.3735711667646,2.0,571.8844265633392,27.305946511779727,10.530850882873217,0.00027845139507063856,0.00027845139507063856
684.0,-1454.5810629962225,2.0,571.8825405156774,27.154841487499688,10.532628774691783,0.0005630139468930209,0.0005630139468930209
685.0,-1454.9957143807503,2.0,571.8787549114787,26.989389552328205,10.536235604009205,0.00029415563846258997,0.00029415563846258997
686.0,-1455.209848600055,2.0,571.8767458326527,26.874206993036076,10.538091348155945,0.0007342973152850915,0.0007342973152850915
687.0,-1455.7393324152006,2.0,571.8721731832904,26.684254285950598,10.542667700490048,0.0005269362363636024,0.0005269362363636024
688.0,-1456.1141101721003,2.0,571.8688547505105,26.492322132050667,10.545903085434006,2.5641650884239363e-05,2.5641650884239363e-05
689.0,-1456.1321055942385,2.0,571.8686963750173,26.34725516308473,10.546060615617094,0.0010125849157381897,0.0010125849157381897
690.0,-1456.8334890611939,2.0,571.86243938224,26.135532146929695,10.552179579771181,2.4411690957209086e-05,2.4411690957209086e-05
691.0,-1456.850162985869,2.0,571.8623004047946,25.999921633206466,10.552327093783102,0.0005217159221279882,0.0005217159221279882
692.0,-1457.2024480610485,2.0,571.8593757029208,25.834922687578686,10.555486698691855,0.0001761591310653741,0.0001761591310653741
693.0,-1457.3199808497957,2.0,571.8584290303885,25.708213916480457,10.556554164116683,0.00012841633562449183,0.00012841633562449183
694.0,-1457.404830240348,2.0,571.85776742892,25.577523994364945,10.557332550915298,0.0008448538782020953,0.0008448538782020953
695.0,-1457.956574733278,2.0,571.8534491134876,25.35889855747803,10.56247644548626,0.00024219783739579709,0.00024219783739579709
696.0,-1458.1122473864368,2.0,571.8522522509763,25.213317233539026,10.563923998077819,0.00017263822105165855,0.00017263822105165855
697.0,-1458.2219560375252,2.0,571.8514129111342,25.061654056839178,10.564956999136118,0.0005490990323577146,0.0005490990323577146
698.0,-1458.5664449391506,2.0,571.8488380772957,24.86237573526066,10.568252157747057,0.00033259987401931227,0.00033259987401931227
699.0,-1458.7718963709813,2.0,571.8472568701671,24.719360330947204,10.570250414102635,0.00035156216562473147,0.00035156216562473147
700.0,-1458.986561252887,2.0,571.8455973127811,24.5742192898975,10.572327857809404,0.0020369160896431373,0.0020369160896431373
701.0,-1460.2114329292936,2.0,571.8360938343714,24.24601375383343,10.584254961278344,0.0005196859832588805,0.0005196859832588805
702.0,-1460.516610517344,2.0,571.8337400804173,24.066862523290848,10.587245041002603,2.8441837586153102e-05,2.8441837586153102e-05
703.0,-1460.5330834572042,2.0,571.8336105718537,23.938183566771144,10.587408664028631,0.0006400836132749054,0.0006400836132749054
704.0,-1460.8993942312106,2.0,571.8307051998305,23.756110060396818,10.591100920949362,0.0007889550404434073,0.0007889550404434073
705.0,-1461.3439249000023,2.0,571.8271952477534,23.57926307785512,10.595577212789932,0.00023827441623109724,0.00023827441623109724
706.0,-1461.476337260306,2.0,571.8261816772676,23.430063654709908,10.596929963349295,0.0001231521234457236,0.0001231521234457236
707.0,-1461.5439270890704,2.0,571.8256561821629,23.329238420338683,10.597629309834083,0.00015290395104647947,0.00015290395104647947
708.0,-1461.6271199880498,2.0,571.8250672034027,23.208004090019802,10.598483232994662,0.00012798162738211313,0.00012798162738211313
709.0,-1461.6960345155458,2.0,571.8245776489962,23.08136416191915,10.599185030145417,8.772811664630489e-05,8.772811664630489e-05
710.0,-1461.742763367437,2.0,571.8242481363094,22.9801944949,10.599666355097575,0.0002195285153527638,0.0002195285153527638
711.0,-1461.8586433622522,2.0,571.8234656282414,22.866616086545218,10.600850218806888,0.0006097346382939408,0.0006097346382939408
712.0,-1462.1770782115218,2.0,571.8214125164532,22.692081493903004,10.60408642908161,0.00015084727049732822,0.00015084727049732822
713.0,-1462.254730896252,2.0,571.8209271774897,22.56801692300149,10.604871175045181,0.00013130158381096212,0.00013130158381096212
714.0,-1462.3215873332874,2.0,571.8205134635098,22.483897676484872,10.60554093805308,0.00010776936588723867,0.00010776936588723867
715.0,-1462.3760558790846,2.0,571.8202239013017,22.340825336729615,10.60609081668429,0.0005466339340758787,0.0005466339340758787
716.0,-1462.6485916560096,2.0,571.8187201647733,22.218667410029997,10.608822765525725,0.0002111415524256789,0.0002111415524256789
717.0,-1462.7527822934826,2.0,571.818228781399,22.066155118410514,10.609878615896944,0.002041653109426916,0.002041653109426916
718.0,-1463.742915615587,2.0,571.8133777162265,21.771660978868887,10.620175171513594,0.0003021246751248353,0.0003021246751248353
719.0,-1463.8860399845805,2.0,571.812706155118,21.65918352651551,10.621700329492178,3.4457355920756476e-05,3.4457355920756476e-05
720.0,-1463.9022035486807,2.0,571.8126267192868,21.550955984021904,10.621874325021256,3.697110897956618e-05,3.697110897956618e-05
721.0,-1463.91937332021,2.0,571.8125437597762,21.46777457643242,10.622061092684438,0.0008012169827804255,0.0008012169827804255
722.0,-1464.2880563228132,2.0,571.810649374918,21.28165526408669,10.626122708511675,0.00012816797775274083,0.00012816797775274083
723.0,-1464.3460904173012,2.0,571.810343323404,21.153698869458555,10.626758692733873,0.0011427579859083778,0.0011427579859083778
724.0,-1464.8563311890243,2.0,571.8076377015857,20.944770158413192,10.632332541503967,0.0007906266971366934,0.0007906266971366934
725.0,-1465.2026413960314,2.0,571.8058910782763,20.765363691451814,10.636201155974948,0.0006919249540170993,0.0006919249540170993
726.0,-1465.5006056757861,2.0,571.8043578842668,20.624744842584196,10.639521621879496,8.025555962061996e-05,8.025555962061996e-05
727.0,-1465.5347396232492,2.0,571.8041930772268,20.526705454533857,10.639906581959668,0.0001426844809377868,0.0001426844809377868
728.0,-1465.5948429863151,2.0,571.8039236374685,20.418344707701447,10.640577964403311,1.3896687065880276e-05,1.3896687065880276e-05
729.0,-1465.6006364866994,2.0,571.8038988474503,20.340247384474686,10.64064331520792,0.00010163362514442084,0.00010163362514442084
730.0,-1465.6426769273803,2.0,571.8037057227072,20.230497443791535,10.641121695171574,0.001725149536639432,0.001725149536639432
731.0,-1466.3464581266262,2.0,571.8005397709574,19.980430753924928,10.64913535662514,0.0002238350743110512,0.0002238350743110512
732.0,-1466.4357798452438,2.0,571.8001149480336,19.83899129397024,10.650151569979085,0.0012148095782811472,0.0012148095782811472
733.0,-1466.9128332480195,2.0,571.7977087369524,19.6480705514361,10.655688352173678,0.0005537876503843032,0.0005537876503843032
734.0,-1467.1264029332194,2.0,571.7966286960315,19.515906859953432,10.658217710943156,7.363269041077254e-05,7.363269041077254e-05
735.0,-1467.1544436858098,2.0,571.796484073859,19.446198564066215,10.658554211657766,0.000766664152485684,0.000766664152485684
736.0,-1467.4439550764923,2.0,571.795294393381,19.2848737030548,10.662008785919156,4.3684005000413214e-05,4.3684005000413214e-05
737.0,-1467.460200137754,2.0,571.7952320858706,19.21789184438195,10.662201548512948,0.0010350832268349877,0.0010350832268349877
738.0,-1467.8417607743559,2.0,571.7941396423828,19.052352737778847,10.666707937585434,0.0001802567610646426,0.0001802567610646426
739.0,-1467.9071709918087,2.0,571.7939576193278,18.961076016792298,10.66747741988461,0.0002577818001225788,0.0002577818001225788
740.0,-1467.9998060777182,2.0,571.793691750896,18.870406529477275,10.668579437784734,6.958306388644456e-05,6.958306388644456e-05
741.0,-1468.0245809811859,2.0,571.7936321242603,18.75207074645788,10.66887677611414,0.00042180129171632646,0.00042180129171632646
742.0,-1468.1727917976727,2.0,571.7932505355622,18.602453176987172,10.670680653857042,5.9926945515501094e-05,5.9926945515501094e-05
743.0,-1468.1935273946763,2.0,571.7931917288736,18.554523286021947,10.670936752236518,4.2067434674895594e-05,4.2067434674895594e-05
744.0,-1468.208008892826,2.0,571.7931764476672,18.476395061246055,10.6711164711391,0.00030581352952753754,0.00030581352952753754
745.0,-1468.312350536498,2.0,571.7930413858386,18.37911054232078,10.67240110386644,0.00015698446828425432,0.00015698446828425432
746.0,-1468.365364053996,2.0,571.7929676833302,18.32564658467547,10.673061156821364,0.0002637562398449637,0.0002637562398449637
747.0,-1468.4539004778612,2.0,571.7930054427927,18.240124840730708,10.674170662319156,0.00017915508870118706,0.00017915508870118706
748.0,-1468.5134871861324,2.0,571.7930092057396,18.12155463087245,10.674911706632338,0.00193745043017419,0.00193745043017419
749.0,-1469.1475696032207,2.0,571.7933003056481,17.919335836233387,10.682804514998303,0.0002660467738847153,0.0002660467738847153
750.0,-1469.2329585867778,2.0,571.793330157997,17.822883573301873,10.683888611209648,0.00047996456035472295,0.00047996456035472295
751.0,-1469.3852955570692,2.0,571.7933770383371,17.660147155490304,10.685848090756927,0.00035217729755365973,0.00035217729755365973
752.0,-1469.495066179569,2.0,571.7933417685279,17.552394969792218,10.687286469940618,0.0004594233872094722,0.0004594233872094722
753.0,-1469.636496115749,2.0,571.7933407216731,17.448517877665267,10.689127061897537,0.00017569379682356943,0.00017569379682356943
754.0,-1469.6899700334122,2.0,571.7933655865816,17.350474833391104,10.689817411844242,0.0003538215694112507,0.0003538215694112507
755.0,-1469.7964193571486,2.0,571.7934155216225,17.232172645612234,10.691210020741956,2.4225696596207972e-05,2.4225696596207972e-05
756.0,-1469.8036128273293,2.0,571.7934196288593,17.114666225382766,10.691305299126796,9.334211511232442e-05,9.334211511232442e-05
757.0,-1469.830949466487,2.0,571.7934289355833,16.994499037874206,10.691663533963318,0.00031818317545214965,0.00031818317545214965
758.0,-1469.9227947762413,2.0,571.7935190793887,16.90521582377385,10.692886870127406,0.0007407735701534089,0.0007407735701534089
759.0,-1470.134228160765,2.0,571.793645769292,16.81773357447065,10.695689366916094,0.0013686746434486187,0.0013686746434486187
760.0,-1470.5204305758552,2.0,571.7944930790308,16.6455545823746,10.70088602770782,6.149910125830045e-05,6.149910125830045e-05
761.0,-1470.5374686187265,2.0,571.794530544386,16.522956040159563,10.701114418998003,0.0013095325528343247,0.0013095325528343247
762.0,-1470.8941838700746,2.0,571.7952120886052,16.366914611653595,10.70599519773494,0.0010340777682250092,0.0010340777682250092
763.0,-1471.1707035804307,2.0,571.7957089625302,16.20174319070618,10.7097807837276,0.000556219654622208,0.000556219654622208
764.0,-1471.316571931575,2.0,571.7960548059083,16.06856283643195,10.711820113248702,0.0001711677983610996,0.0001711677983610996
765.0,-1471.3607544310214,2.0,571.7961538671125,15.94940433160863,10.712432879791294,0.0001559093256471563,0.0001559093256471563
766.0,-1471.4004047318022,2.0,571.7962349055517,15.849339247829018,10.71297720462141,0.0009022851664525092,0.0009022851664525092
767.0,-1471.6267157841773,2.0,571.796690500136,15.70403362767076,10.716138197193752,0.0009615588475875873,0.0009615588475875873
768.0,-1471.8634705579361,2.0,571.7972312560274,15.58357950868566,10.719516976102424,0.00023329182679051054,0.00023329182679051054
769.0,-1471.9201030029312,2.0,571.7973530138478,15.450879392156187,10.720321054373587,0.000667883644119169,0.000667883644119169
770.0,-1472.0793700330266,2.0,571.7976154286324,15.352966854199027,10.722625779530844,0.0004276870378651744,0.0004276870378651744
771.0,-1472.1801103787807,2.0,571.7978458849209,15.256822728015324,10.724074069304987,0.00020486956022976134,0.00020486956022976134
772.0,-1472.22778197336,2.0,571.7979476768346,15.177165468761022,10.72476846694765,0.00010484703424728687,0.00010484703424728687
773.0,-1472.2519289430847,2.0,571.7979966181244,15.045905548120743,10.725116996205127,0.00039892102797819517,0.00039892102797819517
774.0,-1472.3421766000642,2.0,571.7981144304994,14.958863653933548,10.726407245773654,1.7340188930847356e-05,1.7340188930847356e-05
775.0,-1472.3460566626738,2.0,571.7981182097066,14.890017444258092,10.726463350048792,0.0003488695028267662,0.0003488695028267662
776.0,-1472.423361817995,2.0,571.7981691801905,14.784028930163169,10.727594017920207,0.0005377277423415872,0.0005377277423415872
777.0,-1472.5407904707054,2.0,571.7982691144568,14.6577139268746,10.72933782987268,0.0011932792593348253,0.0011932792593348253
778.0,-1472.7966800774807,2.0,571.7984825484136,14.524739398759868,10.733216485803508,0.0002860670901899898,0.0002860670901899898
779.0,-1472.857004018534,2.0,571.7985255921099,14.40240265823216,10.73414682558954,6.143539123092314e-05,6.143539123092314e-05
780.0,-1472.8697462741943,2.0,571.7985446272459,14.325190499255656,10.734341674095358,0.0003492789644968521,0.0003492789644968521
781.0,-1472.941382563471,2.0,571.7986482106895,14.2342827023124,10.73542730635151,0.0006108037454109744,0.0006108037454109744
782.0,-1473.065020020975,2.0,571.7988194798701,14.124237599920383,10.737287831686848,0.00020849174211980248,0.00020849174211980248
783.0,-1473.1065990911893,2.0,571.7988721496954,14.030588584221482,10.7379232247136,0.00016194785212900499,0.00016194785212900499
784.0,-1473.138471538006,2.0,571.7989172943727,13.9382409949957,10.73840505779163,0.0006854957009621102,0.0006854957009621102
785.0,-1473.2715007393995,2.0,571.7991070174298,13.802291721560627,10.740400124461036,0.0004771748086434034,0.0004771748086434034
786.0,-1473.3623354740648,2.0,571.7991977216811,13.700211430953013,10.741789297560004,0.00010879123929498852,0.00010879123929498852
787.0,-1473.3827516153708,2.0,571.7992142357823,13.66066322905511,10.742106121385719,0.000222076519090323,0.000222076519090323
788.0,-1473.4241795905036,2.0,571.7993536154265,13.550249358204999,10.742742901154793,2.0535164200989298e-05,2.0535164200989298e-05
789.0,-1473.4279499147096,2.0,571.7993683694217,13.440058996997221,10.742801812571669,0.00036878341524164795,0.00036878341524164795
790.0,-1473.494526207773,2.0,571.799604634692,13.331324049153118,10.743830610649438,0.0001756566243743749,0.0001756566243743749
791.0,-1473.5257360285345,2.0,571.7997120497376,13.288890336048857,10.744321087311844,0.0019285025965071858,0.0019285025965071858
792.0,-1473.8652656745726,2.0,571.8018090120355,13.123436668091601,10.74964493863714,0.0007753824469741635,0.0007753824469741635
793.0,-1473.9986451916259,2.0,571.8026224426386,12.9824268506832,10.751787994619356,0.0003482961477778488,0.0003482961477778488
794.0,-1474.0573162596274,2.0,571.803030473009,12.849928505477369,10.752724329738761,0.0018945917753488727,0.0018945917753488727
795.0,-1474.3692242230447,2.0,571.805564457649,12.704948095683712,10.757846657613268,0.00017300025719059573,0.00017300025719059573
796.0,-1474.397141678343,2.0,571.8058030017024,12.606635231547116,10.758313367581463,0.000637672193671595,0.000637672193671595
797.0,-1474.4983845829004,2.0,571.8066682090173,12.483621655681175,10.75999231768888,0.00010919042008016986,0.00010919042008016986
798.0,-1474.5153980077082,2.0,571.8068211922288,12.370279331420395,10.76027192102122,0.0017249209283603762,0.0017249209283603762
799.0,-1474.7786375470002,2.0,571.8090635142312,12.26794525486278,10.764573814801226,0.001374071753301483,0.001374071753301483
800.0,-1474.9849935258194,2.0,571.8112996874495,12.117679199703575,10.767945656376188,0.0015190666690992158,0.0015190666690992158
801.0,-1475.2075254412036,2.0,571.8136945286049,11.955889393555394,10.771679336953634,0.0002447546624601721,0.0002447546624601721
802.0,-1475.2424982336365,2.0,571.814104801211,11.871511850213384,10.772280781584955,0.00029131241442414816,0.00029131241442414816
803.0,-1475.283535315008,2.0,571.8145876507034,11.787995747008429,10.772997503900621,0.00011129734973408796,0.00011129734973408796
804.0,-1475.298998200846,2.0,571.8147673600961,11.699234321746546,10.773264720107473,0.0001146427882266888,0.0001146427882266888
805.0,-1475.3146868399858,2.0,571.8149525991523,11.586351406882358,10.773532298535839,0.0001421174582730391,0.0001421174582730391
806.0,-1475.3337610473372,2.0,571.8151661380437,11.527147183928152,10.773863760044806,0.00017070303003324653,0.00017070303003324653
807.0,-1475.3564374568587,2.0,571.8154040740789,11.444293139927504,10.774262270823929,0.0015020357561831526,0.0015020357561831526
808.0,-1475.5527217611586,2.0,571.8175588070591,11.340405147237501,10.777685532976559,0.00023403417400647174,0.00023403417400647174
809.0,-1475.5828094199278,2.0,571.8178656368267,11.269413462895729,10.778218763047692,2.362964030185148e-05,2.362964030185148e-05
810.0,-1475.5858102743314,2.0,571.817894924736,11.204378122947077,10.778271324526228,0.0005435902199730889,0.0005435902199730889
811.0,-1475.6539980503867,2.0,571.8185310731503,11.108468061632516,10.7794526721688,0.0003782799880629541,0.0003782799880629541
812.0,-1475.700652036164,2.0,571.819022041421,11.019237696752555,10.780274494772044,0.0007685157192253079,0.0007685157192253079
813.0,-1475.7938663414275,2.0,571.819999957909,10.900151858891258,10.781901198191777,0.0005632099654405543,0.0005632099654405543
814.0,-1475.8607294800186,2.0,571.820679807483,10.80106146204067,10.78305554539265,0.0005704683802211335,0.0005704683802211335
815.0,-1475.9272275658655,2.0,571.8213499067216,10.684517100171668,10.784191472781,0.0014520579500831542,0.0014520579500831542
816.0,-1476.0926457960745,2.0,571.8231594834359,10.563226655963193,10.786995688566392,1.789362384448403e-05,1.789362384448403e-05
817.0,-1476.094642346664,2.0,571.8231803451373,10.47273537561176,10.787030209741552,6.702167582524744e-05,6.702167582524744e-05
818.0,-1476.1019924555292,2.0,571.8232565360856,10.368307526251225,10.787155315232782,2.1275075769877615e-05,2.1275075769877615e-05
819.0,-1476.1042794947953,2.0,571.823282005107,10.280826460336588,10.787195043259915,0.0006526720443419635,0.0006526720443419635
820.0,-1476.1731987416188,2.0,571.8240385536491,10.162278274335463,10.788375626250527,0.000890479600905504,0.000890479600905504
821.0,-1476.2650424084009,2.0,571.824985941012,10.013302790288547,10.789988539278998,0.0015921905663000926,0.0015921905663000926
822.0,-1476.424313986574,2.0,571.8269003903521,9.863409055753397,10.792765143490778,0.00026356224777838603,0.00026356224777838603
823.0,-1476.4499453122546,2.0,571.827187970621,9.769570241470504,10.793224169392666,0.0003335685405360442,0.0003335685405360442
824.0,-1476.4817672166764,2.0,571.8275465024968,9.644241661825431,10.793785241342963,0.0015236678458056662,0.0015236678458056662
825.0,-1476.623173427014,2.0,571.8293358707873,9.504877240563514,10.796356147371927,0.0010243042065155358,0.0010243042065155358
826.0,-1476.7155771669636,2.0,571.830542526703,9.385611400491834,10.798085032090736,0.0023185953310111726,0.0023185953310111726
827.0,-1476.919160987879,2.0,571.8331917626793,9.260307219238308,10.802013851420286,0.0023399970911022524,0.0023399970911022524
828.0,-1477.1191813680473,2.0,571.835931037855,9.144348692079735,10.8059890109801,0.0005184934292235493,0.0005184934292235493
829.0,-1477.1625066189904,2.0,571.8365545203798,9.018219477785197,10.806843814705791,0.0004146126890065201,0.0004146126890065201
830.0,-1477.1962069564026,2.0,571.8370956124141,8.924890361590151,10.807499957499552,0.0017528570727490137,0.0017528570727490137
831.0,-1477.3354883246857,2.0,571.8393304498392,8.786417261037776,10.81018474111959,0.0006907068691871753,0.0006907068691871753
832.0,-1477.3887602630641,2.0,571.8401368954923,8.685783794176043,10.811200251124028,0.0015928329516794709,0.0015928329516794709
833.0,-1477.5086641241173,2.0,571.8419008514876,8.571019032052918,10.81354788424661,0.0017051211472259077,0.0017051211472259077
834.0,-1477.6336311839118,2.0,571.8437434335395,8.437880620336777,10.81597462031445,0.004301330029900158,0.004301330029900158
835.0,-1477.9380690574048,2.0,571.847976263564,8.278550279433178,10.822140138576804,0.00020141501913849695,0.00020141501913849695
836.0,-1477.9518691997334,2.0,571.8481575324761,8.179698242641617,10.822427098511946,0.00010754388544821126,0.00010754388544821126
837.0,-1477.9590636431712,2.0,571.8482600459438,8.116138399464086,10.822574097420622,0.0007915663566243558,0.0007915663566243558
838.0,-1478.0111501999477,2.0,571.8490915291127,8.052574256813006,10.823621347073376,0.0012048099735461365,0.0012048099735461365
839.0,-1478.0891506316289,2.0,571.8502484115313,7.940847645009904,10.825169405266182,0.0012037182986384893,0.0012037182986384893
840.0,-1478.1649323610804,2.0,571.8513032035004,7.841348961928932,10.826652622634056,3.7687029464120696e-06,3.7687029464120696e-06
841.0,-1478.1651640852206,2.0,571.8513062717044,7.783198227126841,10.826657069833969,0.0002300801787946533,0.0002300801787946533
842.0,-1478.1790976727752,2.0,571.8514737963607,7.731088954526026,10.82692865252732,0.000366695401958091,0.000366695401958091
843.0,-1478.2010043646933,2.0,571.8517092542977,7.61555034502495,10.827347061721092,0.0008950484948956984,0.0008950484948956984
844.0,-1478.2528520288881,2.0,571.8523587930775,7.506931213634876,10.82831585684675,0.0007607886865803998,0.0007607886865803998
845.0,-1478.2956814598408,2.0,571.8528479337047,7.437402844126523,10.829099311952143,0.00013256446368572488,0.00013256446368572488
846.0,-1478.3030129763872,2.0,571.8529339750773,7.3771685650802095,10.829235778311972,0.00224608524051787,0.00224608524051787
847.0,-1478.4248930400677,2.0,571.8542063379386,7.281080315422113,10.831558707357342,0.00020613405325944066,0.00020613405325944066
848.0,-1478.4358181744067,2.0,571.8543227352558,7.205191317189963,10.831771391658675,0.0006080086272487014,0.0006080086272487014
849.0,-1478.467358395757,2.0,571.8546582430416,7.10839081929705,10.83239977648316,0.0009690076524470315,0.0009690076524470315
850.0,-1478.516261363301,2.0,571.8552028211388,6.998046863259319,10.833352221480366,0.0003529730587452541,0.0003529730587452541
851.0,-1478.5335397074853,2.0,571.8553727744427,6.954222989843236,10.83369932676134,0.0013245356279855656,0.0013245356279855656
852.0,-1478.5974923002127,2.0,571.8558377962091,6.852462907510512,10.835004142155086,0.0010874215766756758,0.0010874215766756758
853.0,-1478.648486169157,2.0,571.8561882002546,6.796532287546278,10.836022291308256,0.001737566198888573,0.001737566198888573
854.0,-1478.7285846260866,2.0,571.856518160684,6.677915390081075,10.837651574209378,0.006430521957717845,0.006430521957717845
855.0,-1479.0131922517608,2.0,571.8571619836567,6.5248772291982275,10.843760544283915,0.003258302554180315,0.003258302554180315
856.0,-1479.1513904122135,2.0,571.8575762817569,6.405685985518311,10.846728614414925,0.000484254098234767,0.000484254098234767
857.0,-1479.1712496189316,2.0,571.8576153230471,6.346364423659293,10.847147456544278,0.0018159321563264279,0.0018159321563264279
858.0,-1479.2442377767634,2.0,571.8578484563511,6.236979645272916,10.848724060696988,0.0007418092158623183,0.0007418092158623183
859.0,-1479.273069507276,2.0,571.8578927378708,6.143898994286527,10.849332997883096,0.00717778084607819,0.00717778084607819
860.0,-1479.541806616125,2.0,571.8578958241219,6.0162494247709235,10.855309581167797,0.004104938600465164,0.004104938600465164
861.0,-1479.6897140074138,2.0,571.8574369146853,5.895904685948007,10.858720672311831,0.002991330144663412,0.002991330144663412
862.0,-1479.7933605888963,2.0,571.8570400113904,5.786594781523326,10.86120800506604,0.00013496748784207993,0.00013496748784207993
863.0,-1479.7978792793356,2.0,571.8570239603564,5.737036133029733,10.861319785177388,0.002591806724955216,0.002591806724955216
864.0,-1479.8829474114355,2.0,571.8566149458533,5.656771097817078,10.863386342563466,0.0023960727126842306,0.0023960727126842306
865.0,-1479.9594238600507,2.0,571.856082533763,5.5521981615843785,10.865297445709905,0.0033392729268908058,0.0033392729268908058
866.0,-1480.0619940093843,2.0,571.8551489156652,5.470918723750857,10.867828303272136,0.00024107226117893576,0.00024107226117893576
867.0,-1480.0692076751668,2.0,571.8550661917008,5.409269932855599,10.868002695895818,0.002956862054329874,0.002956862054329874
868.0,-1480.1554497126194,2.0,571.8540326949168,5.298889609263104,10.87004498292542,0.0020142084969849853,0.0020142084969849853
869.0,-1480.211880563319,2.0,571.853189583244,5.234040673078181,10.871352547518184,0.00040461524408943545,0.00040461524408943545
870.0,-1480.2229601993379,2.0,571.853024715631,5.191314762758467,10.87160229127582,0.0038043376774119487,0.0038043376774119487
871.0,-1480.3250616843552,2.0,571.8512530045354,5.107708269314292,10.873856938716616,0.0007660183018757192,0.0007660183018757192
872.0,-1480.34502934365,2.0,571.8509065624133,5.044796176576874,10.874286262645917,0.0018042475128571944,0.0018042475128571944
873.0,-1480.3908570685733,2.0,571.8499543985117,4.949824050348151,10.875300532981353,0.0010623583814920706,0.0010623583814920706
874.0,-1480.4168557103792,2.0,571.849327815972,4.8735591437932415,10.875897072983015,0.007964202964744344,0.007964202964744344
875.0,-1480.6044124237699,2.0,571.8445224182431,4.738134131616668,10.880428162143131,0.002317625404892656,0.002317625404892656
876.0,-1480.6563167653694,2.0,571.8431808552601,4.638206170200667,10.881735980143867,0.001670817570965282,0.001670817570965282
877.0,-1480.6921992424536,2.0,571.842343171198,4.555949943014125,10.882678880425711,0.0010469853005362943,0.0010469853005362943
878.0,-1480.713907594054,2.0,571.8417732245231,4.490385924023932,10.883231346595977,0.0008535994782481575,0.0008535994782481575
879.0,-1480.7311043055743,2.0,571.8412962069223,4.419387373131582,10.883681273741031,0.009500723599362713,0.009500723599362713
880.0,-1480.914895931177,2.0,571.8357661143997,4.293935026857986,10.888757268903982,0.0041719250234506485,0.0041719250234506485
881.0,-1480.9914991791957,2.0,571.8335514609803,4.244219959346216,10.89085267105527,0.006572768479657044,0.006572768479657044
882.0,-1481.109134487046,2.0,571.8296895331771,4.13164227552666,10.894066080946608,0.0007876753388812337,0.0007876753388812337
883.0,-1481.1225703231885,2.0,571.8292613091533,4.071393572878887,10.89444850973728,0.00011063451566108427,0.00011063451566108427
884.0,-1481.124404031434,2.0,571.8291997874813,4.056486130719854,10.894498725134257,0.0034040565027141866,0.0034040565027141866
885.0,-1481.180233092311,2.0,571.8270966909004,3.96220323395298,10.89600053762502,0.0006143028638624186,0.0006143028638624186
886.0,-1481.1898713889555,2.0,571.8266932377254,3.90745110784185,10.896270151013656,0.0013345558320116942,0.0013345558320116942
887.0,-1481.210221415126,2.0,571.8258300011685,3.87373239812458,10.896818666300087,0.00321595407390939,0.00321595407390939
888.0,-1481.2583359011408,2.0,571.8238275694057,3.8274580668992804,10.8981443692001,0.0004261874573282032,0.0004261874573282032
889.0,-1481.2645769259418,2.0,571.8235737185881,3.8008274475641506,10.898319336558785,0.01872851354366801,0.01872851354366801
890.0,-1481.5306804401616,2.0,571.8128529455078,3.6190438969078933,10.906230433341051,0.0017513403308035422,0.0017513403308035422
891.0,-1481.5535841769897,2.0,571.8118695795306,3.5501966990513547,10.90695492705069,0.0007461403304522184,0.0007461403304522184
892.0,-1481.5629825391416,2.0,571.8114938663869,3.4829633692657422,10.907263467099467,0.000450049207502785,0.000450049207502785
893.0,-1481.568440000753,2.0,571.8112455149003,3.450932257598467,10.907435626082762,0.009464243410273415,0.009464243410273415
894.0,-1481.6802227828125,2.0,571.8056566254016,3.342750341452866,10.910909375373755,0.0011393954906628741,0.0011393954906628741
895.0,-1481.6929421127138,2.0,571.8050406751784,3.289450508342368,10.911323336235958,0.0006455303453657883,0.0006455303453657883
896.0,-1481.69992328652,2.0,571.8046854756544,3.233468810087046,10.911541012257983,0.009122600174432725,0.009122600174432725
897.0,-1481.794590589293,2.0,571.800100790975,3.1477743132665816,10.91465873006964,0.0024661555007329844,0.0024661555007329844
898.0,-1481.818976151038,2.0,571.7987664108929,3.0814928613851893,10.915440272443666,0.006798068048954729,0.006798068048954729
899.0,-1481.8831602858727,2.0,571.7954487201282,2.9894665180450395,10.917428933027956,0.004178103883648878,0.004178103883648878
900.0,-1481.9203700330154,2.0,571.7933159571583,2.9283577308753084,10.918646364489446,0.002680294202276112,0.002680294202276112
901.0,-1481.943302431686,2.0,571.7919823727723,2.9027394022477035,10.919365335744745,0.0013396325708840457,0.0013396325708840457
902.0,-1481.9545771940166,2.0,571.7912554802012,2.852286150958032,10.919707515775091,0.004860685076463525,0.004860685076463525
903.0,-1481.9939574700047,2.0,571.7885504776604,2.7844022134809947,10.920842892871786,0.0012540639539497596,0.0012540639539497596
904.0,-1482.0036699006273,2.0,571.7878378804445,2.7386880348543112,10.921133755491095,0.006001869559480408,0.006001869559480408
905.0,-1482.0484576909769,2.0,571.7843800292108,2.692752260352373,10.922404456493961,0.0049816976414277,0.0049816976414277
906.0,-1482.0844268511287,2.0,571.7813517612884,2.6190954099563615,10.923458032092132,0.013767464966036369,0.013767464966036369
907.0,-1482.1777896850035,2.0,571.7736519637332,2.5291647484437836,10.926411473127382,0.005733268613897663,0.005733268613897663
908.0,-1482.2142903925187,2.0,571.7704659222811,2.4568884648693703,10.9276249315022,0.0074493525392301555,0.0074493525392301555
909.0,-1482.258977745667,2.0,571.7661631475057,2.3891033903825547,10.92903052019364,0.006335233891941017,0.006335233891941017
910.0,-1482.2949477034294,2.0,571.7626966359177,2.3204734349591707,10.930100736273594,0.004926893625530487,0.004926893625530487
911.0,-1482.3213696944222,2.0,571.7601118100083,2.2594259147064895,10.93093107116678,0.005113697663254202,0.005113697663254202
912.0,-1482.3473682775516,2.0,571.7576491792674,2.219382488897515,10.93179328770905,0.004671727102570269,0.004671727102570269
913.0,-1482.3702937476685,2.0,571.7553011198803,2.1699812317713496,10.932580019350043,0.03042067345516065,0.03042067345516065
914.0,-1482.5100836553477,2.0,571.7401008211638,2.038205128992592,10.9378469295722,0.0016063375760333532,0.0016063375760333532
915.0,-1482.51674885473,2.0,571.7393727424851,1.9962779569574138,10.938111198524402,0.0006337077924222193,0.0006337077924222193
916.0,-1482.5192730374308,2.0,571.7390790523633,1.9545032374052593,10.938203723558306,0.011604030630734627,0.011604030630734627
917.0,-1482.563206679833,2.0,571.7341168516272,1.880717929678937,10.939715116214266,0.028442494138326724,0.028442494138326724
918.0,-1482.6616986340098,2.0,571.7233188762808,1.771756070546528,10.9434739797611,0.005381703242788318,0.005381703242788318
919.0,-1482.6785286381523,2.0,571.7215412947339,1.7269241005024714,10.94406838154297,0.005911242668360625,0.005911242668360625
920.0,-1482.6960850154942,2.0,571.7197794661547,1.6797124150071558,10.944629514514382,0.016133538296901548,0.016133538296901548
921.0,-1482.741105547933,2.0,571.7153917277669,1.6088817022031863,10.946173219020755,0.02812497621754923,0.02812497621754923
922.0,-1482.8124988531524,2.0,571.7075320944815,1.5247597554413075,10.948427659265231,0.026166034727071442,0.026166034727071442
923.0,-1482.8722788432824,2.0,571.7007034129539,1.4434405898956202,10.95043122281491,0.013680009364562708,0.013680009364562708
924.0,-1482.9005424586271,2.0,571.6975087311852,1.395617441474949,10.951418486968686,0.01276958980796832,0.01276958980796832
925.0,-1482.9252265610348,2.0,571.6947547389196,1.348449228866157,10.95232215795872,0.031043500988034385,0.031043500988034385
926.0,-1482.9806642724589,2.0,571.6889900802281,1.2752229484640436,10.954149489978155,0.0016292801660215865,0.0016292801660215865
927.0,-1482.9833114829203,2.0,571.6886778323369,1.2561089122502096,10.95423673158778,0.007153644583451367,0.007153644583451367
928.0,-1482.9945552445927,2.0,571.687243220346,1.2066284093963946,10.954553642206312,0.026264659144583605,0.026264659144583605
929.0,-1483.032286337399,2.0,571.6817559153828,1.1593782316166625,10.955739103026081,0.012266825502606021,0.012266825502606021
930.0,-1483.0486760220465,2.0,571.6791388725295,1.1232648480155478,10.956254894616325,0.003578338046126157,0.003578338046126157
931.0,-1483.0531833465325,2.0,571.6784491745731,1.0639492756257956,10.956400577031198,0.011917022382974372,0.011917022382974372
932.0,-1483.0666050907448,2.0,571.6768716663007,1.0293389467928429,10.956884959808374,0.011490885899577278,0.011490885899577278
933.0,-1483.078722720628,2.0,571.6752542421343,1.017653646517692,10.957339113749105,0.012633732731935039,0.012633732731935039
934.0,-1483.0917413426346,2.0,571.6735611864874,0.9850649569900364,10.957790354802523,0.022540187343153367,0.022540187343153367
935.0,-1483.1134229965078,2.0,571.6708081610294,0.9501781563901975,10.958374455265059,0.022745143117771965,0.022745143117771965
936.0,-1483.1337858112815,2.0,571.6680574461151,0.9130378228377873,10.95874324968107,0.0036078211558506134,0.0036078211558506134
937.0,-1483.1367896800568,2.0,571.6676212466141,0.8892824306823064,10.958794872940626,0.0035031720121080864,0.0035031720121080864
938.0,-1483.1395568665844,2.0,571.6672653222508,0.8859104152045507,10.958844402933147,0.010430513881394534,0.010430513881394534
939.0,-1483.1477154219206,2.0,571.6662355311634,0.8786398129855107,10.958969770827208,0.003911452388555797,0.003911452388555797
940.0,-1483.1507313625593,2.0,571.6658677589204,0.8611307089055508,10.9590056565728,0.032182120275189276,0.032182120275189276
941.0,-1483.1743640172638,2.0,571.6633398648108,0.8219559428954615,10.959093517965233,0.006702970599083901,0.006702970599083901
942.0,-1483.1788842310887,2.0,571.6628004781476,0.8094704850740384,10.959099125786379,0.0006982507862529209,0.0006982507862529209
943.0,-1483.179341668479,2.0,571.6627477562793,0.7955138253564087,10.959099540892955,0.004739839486127625,0.004739839486127625
944.0,-1483.1823372192011,2.0,571.6623057255234,0.783002176260111,10.95907112199906,0.0040443281529183505,0.0040443281529183505
945.0,-1483.1848137450365,2.0,571.6619463734517,0.7719754859518613,10.95904648222298,0.026887758857735335,0.026887758857735335
946.0,-1483.2007055341232,2.0,571.6595566120557,0.7501421160291804,10.958898409980272,0.016218598393055637,0.016218598393055637
947.0,-1483.209785465546,2.0,571.6581990352631,0.7142510960291967,10.9588024547599,0.04152559711420653,0.04152559711420653
948.0,-1483.230719882441,2.0,571.6549888470913,0.6856524409229499,10.958580658470742,0.07401690876528863,0.07401690876528863
949.0,-1483.2648432214398,2.0,571.6498931561031,0.6516610319164112,10.958234234684971,0.0767257875580327,0.0767257875580327
950.0,-1483.296903175271,2.0,571.6454668995434,0.61815262959669,10.957510695175305,0.026369875696118594,0.026369875696118594
951.0,-1483.3069340770492,2.0,571.6445595520574,0.5983454303269731,10.957249555521958,0.0020399949698410584,0.0020399949698410584
952.0,-1483.3076641824014,2.0,571.6445151984692,0.5901097597008856,10.95722920710745,0.05962093939350903,0.05962093939350903
953.0,-1483.3282335424433,2.0,571.6437952404079,0.5623289747167582,10.956430608892752,0.040822154347787715,0.040822154347787715
954.0,-1483.3410634309726,2.0,571.6430406067792,0.5407021276171037,10.955906181384435,0.018665411471134048,0.018665411471134048
955.0,-1483.3465057358603,2.0,571.6429442205198,0.5320498338968672,10.955671670333894,0.01186475147354619,0.01186475147354619
956.0,-1483.3498589441779,2.0,571.6428184920111,0.5151867635791435,10.955482189874038,0.03153631784517712,0.03153631784517712
957.0,-1483.358189953121,2.0,571.6422211808622,0.49455933670168983,10.9549969346074,0.059974230746725754,0.059974230746725754
958.0,-1483.372736393822,2.0,571.6418142479323,0.46910296885921215,10.954136412458213,0.08142867417114788,0.08142867417114788
959.0,-1483.3904588051928,2.0,571.6420589327844,0.45681114140962487,10.953089546689414,0.09050415225823832,0.09050415225823832
960.0,-1483.4091550115963,2.0,571.6424522482008,0.42939589040939513,10.951877987720248,0.06057696984978331,0.06057696984978331
961.0,-1483.4202507307866,2.0,571.6423859122972,0.40984256018429077,10.951143688949523,0.05898414080991663,0.05898414080991663
962.0,-1483.430079112103,2.0,571.6427746245863,0.3874481211676798,10.950510130631525,0.13672635010941828,0.13672635010941828
963.0,-1483.4501675099812,2.0,571.6453863881336,0.35432956261138615,10.94929990950452,0.038796306093857584,0.038796306093857584
964.0,-1483.455000533098,2.0,571.646169961623,0.34753551618596684,10.94903590606298,0.013358725329668428,0.013358725329668428
965.0,-1483.4566100916354,2.0,571.6464425165593,0.32470582529872133,10.948931036741843,0.2623148535056706,0.2623148535056706
966.0,-1483.4820998954212,2.0,571.6555816645163,0.26269648530639805,10.947359070061196,0.037232951029303386,0.037232951029303386
967.0,-1483.484647192734,2.0,571.6563831754391,0.23102269906535117,10.947231743808192,0.04934380143938701,0.04934380143938701
968.0,-1483.4872341277496,2.0,571.6575160547815,0.19769471166139668,10.947102750649897,0.24214077250264743,0.24214077250264743
969.0,-1483.4954730547295,2.0,571.6607883877914,0.14475364887400582,10.94671409866776,0.5686762662514705,0.5686762662514705
970.0,-1483.5041881195878,2.0,571.6673966822193,0.07102700788242125,10.945547719029683,0.35766308325400425,0.35766308325400425
971.0,-1483.505735093791,2.0,571.6674229064354,0.0467350680493877,10.944724491239436,0.48242016020462053,0.48242016020462053
972.0,-1483.5066133302105,2.0,571.6681399204574,0.02911512402624283,10.943856595624547,1.135429398339221,1.135429398339221
973.0,-1483.5072650897998,2.0,571.6680329723223,0.014598793333515514,10.942544846942127,5.083016745253698,12.580994700853426
974.0,-1483.5078067481818,1.0,571.6683575002558,0.03161168821494543,10.94187154890048,0.9573339924453513,2.424847180465925
975.0,-1483.5082850795507,1.0,571.6666786168641,0.01876493025161836,10.942863439319401,0.9888091224997686,4.3792142503914295
976.0,-1483.5084591705734,1.0,571.6685089516491,0.018866925752106873,10.943206639751185,0.9252213200725419,4.4712371353673825
977.0,-1483.5086238418744,1.0,571.6674616476948,0.01847405312237168,10.943316127084875,0.9492721355128501,3.588735026139456
978.0,-1483.5087858307202,1.0,571.6682272893955,0.01878931639281015,10.943635616802492,0.9136050221526771,3.1808782589242703
979.0,-1483.508947099553,1.0,571.6676050416579,0.0184567148934581,10.94371559900978,0.9453208554548036,2.6424282739486564
980.0,-1483.5091081114833,1.0,571.6681708646465,0.018783088585934405,10.944081144631712,0.9122157132075934,2.211926328514202
981.0,-1483.5092690283486,1.0,571.6676232063178,0.018455295607191485,10.944169603126955,0.9445831609827106,1.638338040660175
982.0,-1483.5094298898846,1.0,571.6681719206422,0.01878231754759677,10.944575090802354,0.9117882628609782,1.2819105200024201
983.0,-1483.5095907181417,1.0,571.6676144061794,0.01845505455921885,10.944679916236172,0.6361057589360471,0.6361057589360471
984.0,-1483.5097343949537,2.0,571.6679980618504,0.013325177287702356,10.944974189068981,0.514471730526771,0.514471730526771
985.0,-1483.5098117591251,2.0,571.667585134941,0.008242583976618957,10.945094267101116,1.2166180352973481,37.09078912840729
986.0,-1483.5098530877565,1.0,571.6662265843661,0.003645846367191255,10.94541896740663,1.6751521576639319,35.491209480061535
987.0,-1483.5098642209844,1.0,571.6665724573517,0.00461077089589226,10.945429601117327,0.92057014259486,87.70300267652738
988.0,-1483.5098740062795,1.0,571.666382709201,0.003661711120684662,10.945498496560209,1.2900662775029983,59.35205722477214
989.0,-1483.5098826549663,1.0,571.666441209401,0.004371791513641312,10.945452141075585,0.900957157312026,52.94906553935842
990.0,-1483.5098912647659,1.0,571.6663706341229,0.003660607446530125,10.945538974775102,1.2800674281874194,59.78486224857864
991.0,-1483.5098998412486,1.0,571.6664539095169,0.004367525365597787,10.945486544671976,0.8980881993954853,53.58508888538151
992.0,-1483.5099084068895,1.0,571.6663667727014,0.003661707445979637,10.945585518768585,1.2741053405090883,61.117306654773486
993.0,-1483.509916948557,1.0,571.6664569707397,0.0043661084002991615,10.945523125714686,0.8946633337615081,55.91717266916288
994.0,-1483.5099254759962,1.0,571.6663660123622,0.0036632937028728257,10.945635882105499,1.2660215781946715,63.41414824258913
995.0,-1483.509933970825,1.0,571.6664572702093,0.004364146849188945,10.945562136718001,0.8900539995342192,58.89306604500629
996.0,-1483.509942446711,1.0,571.6663662731528,0.0036653015119110684,10.945689665265077,1.2556118749657526,66.93641366152951
997.0,-1483.5099508809271,1.0,571.6664563518516,0.004361406568245459,10.945604006854659,0.8843869980240562,63.33575825547421
998.0,-1483.5099592922722,1.0,571.6663672558202,0.0036675540090674963,10.945746235131331,1.2435824493510295,71.89795536027141
999.0,-1483.5099676559564,1.0,571.666454425516,0.004357944067752338,10.945649351055696,0.8782011438249555,61.99566754339936
1000.0,-1483.5099759952127,1.0,571.6663689039912,0.003669750213684493,10.945804918731692,1.2313526301542386,78.32376806190895
1001.0,-1483.5099842865666,1.0,571.6664516400937,0.004354111439537638,10.945698751499682,0.8722870850332208,53.031158191008146
1002.0,-1483.5099925551015,1.0,571.666371060251,0.003671605330752615,10.94586524570493,1.2204719381360518,85.91358638297359
1003.0,-1483.5100007815008,1.0,571.666448316439,0.004350449126945366,10.945752512465884,0.8673231473981159,46.427541355529364
1004.0,-1483.5100089891562,1.0,571.6663734577648,0.0036729869892010805,10.94592710771424,1.2119063733245825,85.81428154242609
1005.0,-1483.5100171639701,1.0,571.6664448593916,0.00434740688978209,10.94581058028642,0.8636011307718103,41.56486287714832
1006.0,-1483.510025324978,1.0,571.6663758248087,0.0036739228966851975,10.945990710283436,1.2058016178188569,79.92061096096184
1007.0,-1483.510033462759,1.0,571.6664416066692,0.004345156813123321,10.945872668352553,0.8610434686390739,37.918801397598074
1008.0,-1483.5100415911768,1.0,571.6663779712795,0.0036745182665846063,10.946056396855214,1.201756653076746,75.40941756077675
1009.0,-1483.5100497042854,1.0,571.6664387544433,0.00434362971117402,10.945938438695665,0.8593907897090317,35.09616186002303
1010.0,-1483.5100578113997,1.0,571.6663798074413,0.003674882890565859,10.946124497246844,1.1992056431594862,71.87462470840464
1011.0,-1483.5100659088955,1.0,571.6664363696768,0.004342652145925446,10.946007613556326,0.858365298069312,32.82342909092051
1012.0,-1483.510074002691,1.0,571.6663813185595,0.003675101367682148,10.946195261228116,1.1976469110953716,69.01632892955527
1013.0,-1483.5100820906214,1.0,571.6664344372682,0.004342049401099391,10.946080004486312,0.8577449872001387,30.917901636661632
1014.0,-1483.510090176324,1.0,571.6663825313125,0.0036752306641842565,10.946268853940486,1.1967129022423553,66.62484588696977
1015.0,-1483.5100982585159,1.0,571.6664329030378,0.004341686270045113,10.94615549867673,0.857375553922027,29.25948688677785
1016.0,-1483.510106339384,1.0,571.6663834889973,0.0036753066456835216,10.946345375392955,1.1961597852117758,64.55698172664408
1017.0,-1483.5101144181747,1.0,571.6664317010565,0.00434147052859679,10.946234035050615,0.8571575716304531,27.76927956311582
1018.0,-1483.5101224961859,1.0,571.6663842374567,0.003675351114642583,10.946424882277904,1.195834515825544,62.715457187872424
1019.0,-1483.5101305729754,1.0,571.6664307676382,0.004341343408810949,10.946315583989097,0.857029658745562,26.394992289802328
1020.0,-1483.5101386493072,1.0,571.6663848185382,0.0036753770766345998,10.946507404769552,1.195644023457022,61.0338592030713
1021.0,-1483.510146724926,1.0,571.6664300471011,0.004341268867463057,10.946400133524813,0.8569548416148968,25.101529146943037
1022.0,-1483.510154800275,1.0,571.6663852677966,0.0036753922092524326,10.946592957678138,1.1955327321574793,59.46639611879406
1023.0,-1483.5101628752068,1.0,571.6664294932356,0.004341225277292129,10.946487680903878,0.8569111634577976,23.86499786751869
1024.0,-1483.5101709499818,1.0,571.6663856142686,0.0036754010182955517,10.946681547306769,1.1954678043907534,57.98112194288844
1025.0,-1483.510179024513,1.0,571.6664290688234,0.004341199823958372,10.946578227761927,0.8568856924269979,22.66890930264911
1026.0,-1483.5101870989527,1.0,571.6663858811193,0.0036754061392792205,10.94677317547194,1.19542995654629,56.55548659240253
1027.0,-1483.5101951732527,1.0,571.6664287444266,0.004341184970178174,10.946671777507186,0.8568708485254517,21.501743145451915
1028.0,-1483.5102032474974,1.0,571.6663860865631,0.003675409110804487,10.946867841779703,1.195407904816239,55.17339986632139
1029.0,-1483.5102113216587,1.0,571.666428497026,0.004341176301404419,10.946768333977566,0.8568622011150426,20.35536623921997
1030.0,-1483.5102193957919,1.0,571.6663862447903,0.0036754108301028684,10.946965544871993,1.195395060162763,53.823272809783575
1031.0,-1483.5102274698745,1.0,571.6664283087543,0.004341171238398994,10.946867900804127,0.8568571646154882,19.223987611577137
1032.0,-1483.5102355439415,1.0,571.6663863667874,0.0036754118200474158,10.947066283081915,1.1953875796533255,52.496692763258864
1033.0,-1483.5102436179775,1.0,571.6664281658126,0.004341168276392556,10.946970481151764,0.8568542315893389,18.103456249012076
1034.0,-1483.510251692004,1.0,571.6663864610257,0.003675412385248569,10.94717005475794,1.1953832235452526,51.187513716938895
1035.0,-1483.5102597660155,1.0,571.666428057579,0.004341166538218736,10.947076077652172,0.8568525236569826,16.990781509693075
1036.0,-1483.5102678400194,1.0,571.6663865340184,0.0036754127031114743,10.947276858407486,1.1953806870061194,49.89122276926392
1037.0,-1483.5102759140157,1.0,571.6664279758975,0.004341165512808084,10.947184692427989,0.8568515291513208,15.883800790210223
1038.0,-1483.510283988006,1.0,571.6663865907631,0.0036754128769544755,10.947386692745429,1.1953792100372627,48.60449306066376
1039.0,-1483.5102920619922,1.0,571.6664279145153,0.004341164902454004,10.947296327154469,0.8568509500812285,14.780946325024955
1040.0,-1483.5103001359766,1.0,571.6663866350884,0.003675412966939914,10.947499556695275,1.1953783500493407,47.32486465264491
1041.0,-1483.510308209956,1.0,571.6664278686447,0.004341164533793734,10.947410983131387,0.8568506129092315,13.681079828218484
1042.0,-1483.5103162839357,1.0,571.6663866699254,0.0036754130080979847,10.947615449369021,1.1953778493140819,46.05051450978589
1043.0,-1483.5103243579138,1.0,571.6664278346233,0.004341164305866415,10.947528661352147,0.8568504165885501,12.58337424741473
1044.0,-1483.5103324318911,1.0,571.6663866975151,0.003675413020819939,10.947734370039433,1.1953775577575427,44.78008937041701
1045.0,-1483.5103405058658,1.0,571.6664278096505,0.004341164159875826,10.947649362564704,0.8568503022807173,11.487228646127054
1046.0,-1483.5103485798395,1.0,571.6663867195707,0.003675413016995943,10.947856318111658,1.1953773879965284,43.5125835250374
1047.0,-1483.5103566538148,1.0,571.6664277915867,0.004341164061601277,10.947773087322776,0.856850235723887,10.392206624902688
1048.0,-1483.5103647277892,1.0,571.6663867374012,0.0036754130035240367,10.947981293097312,1.1953772891562158,42.247248976678925
1049.0,-1483.5103728017627,1.0,571.6664277787975,0.004341163991107036,10.947899836027606,0.8568501969723874,9.297991608070655
1050.0,-1483.5103808757353,1.0,571.6663867520066,0.0036754129844494454,10.948109294592204,1.1953772316015159,40.98352914089709
1051.0,-1483.5103889497077,1.0,571.6664277700341,0.004341163936783112,10.948029608961392,0.8568501744083693,8.204354293926569
1052.0,-1483.51039702368,1.0,571.66638676415,0.003675412962100484,10.948240322257877,1.1953771980961125,37.25116201187342
1053.0,-1483.510405097652,1.0,571.6664277643439,0.0043411638918910605,10.948162406313683,0.8568501612693618,7.111128921201498
1054.0,-1483.510413171624,1.0,571.6663867744144,0.00367541293784807,10.94837437580667,1.1953771785851492,31.719514627346854
1055.0,-1483.510421245598,1.0,571.6664277609987,0.004341163852473286,10.948298228202058,0.8568501536201747,6.018195948981489
1056.0,-1483.5104293195698,1.0,571.6663867832449,0.0036754129124965053,10.948511454989802,1.1953771672241191,26.183408708510036
1057.0,-1483.510437393541,1.0,571.6664277594436,0.0043411638162499586,10.948437074688169,0.8568501491662095,4.925469413724909
1058.0,-1483.5104454675138,1.0,571.6663867909808,0.0036754128864922987,10.948651559587992,1.195377160612224,20.644159773200506
1059.0,-1483.5104535414866,1.0,571.6664277592544,0.004341163781890666,10.94857894579018,0.8568501465704532,3.832887703409795
1060.0,-1483.510461615459,1.0,571.6663867978816,0.0036754128601099068,10.948794689404123,1.195377156761871,15.10271060583461
1061.0,-1483.5104696894302,1.0,571.6664277601075,0.004341163748610841,10.948723841492342,0.8568501450610527,2.740406829804491
1062.0,-1483.5104777634015,1.0,571.6663868041452,0.00367541283351519,10.948940844257544,1.1953771545199818,9.559733868623784
1063.0,-1483.5104858373725,1.0,571.6664277617562,0.004341163715956786,10.948871761752358,0.8568501441820308,1.647995528144554
1064.0,-1483.5104939113426,1.0,571.6663868099223,0.00367541280679046,10.949090023979664,1.1953771532156896,4.0157070886337864
1065.0,-1483.5105019853145,1.0,571.6664277640117,0.004341163683673427,10.949022706507042,0.5556316930113168,0.5556316930113168
1066.0,-1483.5105090614923,2.0,571.6664011974432,0.0022019337742522523,10.94916491380046,1.0452183928807461,47.38786494227368
1067.0,-1483.5105115953695,1.0,571.6664157486206,0.0007185815007416394,10.949138492662064,0.0,0.0
