iter,val,proj,gnorm,dnorm,xnorm,step,maxstep
1.0,29.999999999992724,1.0,3055.4183425776578,164.82897120461965,12.24744871391589,0.024448331548061825,0.024448331548061825
2.0,-616.9486796522469,2.0,3054.222582689962,155.11051771114634,12.836367649920366,0.0002539032541372171,0.0002539032541372171
3.0,-623.0558234749878,2.0,3054.211577011117,153.8279537409626,12.84828401532714,0.002614579465705328,0.002614579465705328
4.0,-684.7584204998748,2.0,3054.1008545375885,152.00380054465327,12.973253093443848,0.0003165195783719397,0.0003165195783719397
5.0,-692.0692990829484,2.0,3054.0878394703977,150.92106827649314,12.989052222546896,0.0032215757939414395,0.0032215757939414395
6.0,-765.2058192258082,2.0,3053.9582770708553,149.13601007306897,13.154311238940583,0.0004060912575083095,0.0004060912575083095
7.0,-774.2342082520881,2.0,3053.941955340955,148.23612103589994,13.176111875977512,0.0002755316647463698,0.0002755316647463698
8.0,-780.2870350508019,2.0,3053.930766930791,147.37300310098894,13.19070883956505,0.00012163589574093368,0.00012163589574093368
9.0,-782.9284971327397,2.0,3053.9259143294225,146.55576029512488,13.197183198231302,0.0002984306985113387,0.0002984306985113387
10.0,-789.3364516892652,2.0,3053.914212694923,145.69496425775222,13.213150813322915,0.00012451876959519015,0.00012451876959519015
11.0,-791.9792833414613,2.0,3053.9094185454874,144.88452600892515,13.219703553507617,0.0001932544046239437,0.0001932544046239437
12.0,-796.0351959961299,2.0,3053.902108828135,144.05076257466314,13.22969257088866,0.0004362458187019797,0.0004362458187019797
13.0,-805.0835972204259,2.0,3053.885803030279,143.16113241727635,13.25241596970601,0.00016264161772601123,0.00016264161772601123
14.0,-808.4164070258303,2.0,3053.8798006730317,142.35633315350367,13.260762580697271,0.00045280025297103605,0.00045280025297103605
15.0,-817.5883766113548,2.0,3053.8633963536686,141.4831486452853,13.284172183401926,0.0019217824782056206,0.0019217824782056206
16.0,-855.9830418859383,2.0,3053.7951877431096,140.2630971149265,13.384288397260917,0.00026726675410687693,0.00026726675410687693
17.0,-861.2397711046251,2.0,3053.785933424963,139.5602726615942,13.398526840103514,0.00020000382545695637,0.00020000382545695637
18.0,-865.1344915838454,2.0,3053.778928310346,138.8401657582825,13.409231866880551,5.2311400499569944e-05,5.2311400499569944e-05
19.0,-866.1428254000202,2.0,3053.777128172983,138.15750893585428,13.412038135280365,0.000290457507770762,0.000290457507770762
20.0,-871.6853481197977,2.0,3053.7673081305406,137.45514280824256,13.427380253599507,0.000188526441704366,0.000188526441704366
21.0,-875.2466947694484,2.0,3053.7608604572965,136.74291748634013,13.43720021722841,5.9460090082815146e-05,5.9460090082815146e-05
22.0,-876.3584518897987,2.0,3053.7588629310103,136.13740132385269,13.440244459181061,2.0635207841233727e-05,2.0635207841233727e-05
23.0,-876.7408845569917,2.0,3053.758184373997,135.54531401813642,13.441302132775307,0.00033907143463850664,0.00033907143463850664
24.0,-882.9684231748834,2.0,3053.7472942668214,134.8726004463794,13.458757644464509,0.00022013904221736727,0.00022013904221736727
25.0,-886.9720316436287,2.0,3053.7401634415364,134.2300094926258,13.470157637913024,2.4667370131352006e-05,2.4667370131352006e-05
26.0,-887.4164700743349,2.0,3053.739382291084,133.64180944157485,13.471415355863526,0.000347087011080498,0.000347087011080498
27.0,-893.6133727408887,2.0,3053.728654708728,132.97248740720806,13.488868005089788,0.0009561708849904007,0.0009561708849904007
28.0,-910.5041029230088,2.0,3053.6988553484816,132.11709824671766,13.536746980882269,0.0005362643695809657,0.0005362643695809657
29.0,-919.8596303007944,2.0,3053.682486316177,131.3845578856289,13.563984498962743,7.703734386922896e-05,7.703734386922896e-05
30.0,-921.1893414118822,2.0,3053.680180774459,130.77024372488282,13.567917925774042,0.0005514669394427159,0.0005514669394427159
31.0,-930.6148056574784,2.0,3053.6639676868112,130.04516233986865,13.595742631616544,0.000697310994945028,0.000697310994945028
32.0,-942.3994741276474,2.0,3053.6438851628654,129.29832667329208,13.630706685803917,0.00041331814185343306,0.00041331814185343306
33.0,-949.3065625425916,2.0,3053.6322299580493,128.69686127439707,13.651635675876786,0.0002578660426263288,0.0002578660426263288
34.0,-953.576496619884,2.0,3053.624891694299,128.07759221287478,13.664774561219707,0.0002907922091566244,0.0002907922091566244
35.0,-958.3452611367611,2.0,3053.6167737022665,127.4533562066766,13.679406298570049,9.25195319710851e-05,9.25195319710851e-05
36.0,-959.8480466617475,2.0,3053.61424056752,126.94433573690289,13.684075290950172,8.744027603854192e-05,8.744027603854192e-05
37.0,-961.2570157716436,2.0,3053.6118206931606,126.4354413823004,13.688496215597038,0.00017375644495141315,0.00017375644495141315
38.0,-964.0342041430413,2.0,3053.6069610607865,125.84565854379946,13.697163389072132,0.00035038872619957577,0.00035038872619957577
39.0,-969.5814792432975,2.0,3053.5973448707055,125.21847762902199,13.714719872841727,0.00014119591725077855,0.00014119591725077855
40.0,-971.7950816156444,2.0,3053.5935457671494,124.70789171577796,13.7217010902096,1.134871516720594e-05,1.134871516720594e-05
41.0,-971.9715755481157,2.0,3053.593237142322,124.25685818492687,13.722254011487106,2.406038996943776e-05,2.406038996943776e-05
42.0,-972.3430537625027,2.0,3053.592599310163,123.70872246623023,13.723426935488055,0.00012525441385455272,0.00012525441385455272
43.0,-974.2596986296594,2.0,3053.589340563956,123.13567813526338,13.729539801942016,6.377920960501847e-05,6.377920960501847e-05
44.0,-975.2266855607704,2.0,3053.5877132469523,122.57461332234399,13.732656452116155,0.0003416512079324964,0.0003416512079324964
45.0,-980.3581627884341,2.0,3053.579168958057,122.04983348121964,13.749120546889346,0.00020268232332798055,0.00020268232332798055
46.0,-983.3767735286492,2.0,3053.5742256230337,121.46638011880728,13.758934501248673,5.447108024000535e-05,5.447108024000535e-05
47.0,-984.1804028059996,2.0,3053.572924491801,121.01606530408581,13.761531211194734,7.498768480500802e-05,7.498768480500802e-05
48.0,-985.2785113255886,2.0,3053.5711836447517,120.46101889619761,13.765054898790813,0.00028458006880054105,0.00028458006880054105
49.0,-989.4068989075895,2.0,3053.564716863417,119.85570653925562,13.778231299165643,0.0002145094285438685,0.0002145094285438685
50.0,-992.4877872519355,2.0,3053.559764222101,119.37303932471158,13.788201858873638,0.000555236912855645,0.000555236912855645
51.0,-1000.3957392986231,2.0,3053.5472761773126,118.72236668915554,13.81378431356604,1.2063308120370596e-05,1.2063308120370596e-05
52.0,-1000.5657696934941,2.0,3053.547000785604,118.19404101380663,13.814332555007372,0.0007236327250239821,0.0007236327250239821
53.0,-1010.6679263013066,2.0,3053.53082783147,117.53370533864603,13.847435913155408,7.574863585359728e-05,7.574863585359728e-05
54.0,-1011.7142573174897,2.0,3053.5291560603923,117.00216111062734,13.85092081453431,0.00075916734483932,0.00075916734483932
55.0,-1022.0995260132368,2.0,3053.512764777889,116.34776250644438,13.885492878511721,0.00018264094234628006,0.00018264094234628006
56.0,-1024.5714799578273,2.0,3053.508872371889,115.88994124097664,13.89372578266919,0.00021504682621209997,0.00021504682621209997
57.0,-1027.4590854789822,2.0,3053.504403741421,115.34998086130688,13.903454759158844,1.7941755529195908e-06,1.7941755529195908e-06
58.0,-1027.4829580541445,2.0,3053.5043669292936,114.94348966396181,13.903536021619148,0.0007269061938040165,0.0007269061938040165
59.0,-1037.0804543484555,2.0,3053.4894420524947,114.38303305549704,13.93668337332179,0.00014611657723060398,0.00014611657723060398
60.0,-1038.991910747929,2.0,3053.48652448384,113.87305549593883,13.943288828091587,9.338383465339066e-05,9.338383465339066e-05
61.0,-1040.202721452075,2.0,3053.4846833318493,113.45860563873623,13.947446375964983,0.0007976306462941363,0.0007976306462941363
62.0,-1050.4629554356106,2.0,3053.4689525377744,112.79950994039685,13.982700326981991,0.00012125577190618325,0.00012125577190618325
63.0,-1052.0056086097757,2.0,3053.466499009176,112.34641658979245,13.988092523333483,1.716313189402454e-05,1.716313189402454e-05
64.0,-1052.2222333594145,2.0,3053.4661558806392,111.94414566412014,13.988856759373844,0.0004996545788941808,0.0004996545788941808
65.0,-1058.4807591087447,2.0,3053.456034654262,111.37988525197567,14.011209285438683,0.00028256478621329533,0.00028256478621329533
66.0,-1061.985200886891,2.0,3053.450441841278,110.83991332813963,14.023915866052727,4.2997142073967617e-05,4.2997142073967617e-05
67.0,-1062.5134206169569,2.0,3053.4495674572863,110.38505766874171,14.025821046763125,0.00014845109666234134,0.00014845109666234134
68.0,-1064.3220300034882,2.0,3053.4465680154844,109.93687520744737,14.032406102825293,5.841960126228064e-05,5.841960126228064e-05
69.0,-1065.0280576750702,2.0,3053.4454016298246,109.53705527250057,14.03496213701945,0.0004357884035287928,0.0004357884035287928
70.0,-1070.2546754266223,2.0,3053.4365895517954,108.99417410374677,14.053824441494571,1.1722432282990825e-05,1.1722432282990825e-05
71.0,-1070.393933226038,2.0,3053.4363577513573,108.58140680392707,14.05432479064993,0.0003454275837977812,0.0003454275837977812
72.0,-1074.4651708154452,2.0,3053.4296706900946,108.07614449261634,14.069117311965787,5.831186337135892e-06,5.831186337135892e-06
73.0,-1074.5332813396926,2.0,3053.4295586784224,107.58920300219552,14.069363461632694,0.00026272570859135546,0.00026272570859135546
74.0,-1077.5736912171742,2.0,3053.424429972873,107.16214940079472,14.08047351927739,0.00045060362681420167,0.00045060362681420167
75.0,-1082.7461076567524,2.0,3053.4155901798085,106.67117122379231,14.099636489279659,0.00027473252737549817,0.00027473252737549817
76.0,-1085.8713993891688,2.0,3053.410321543393,106.14348654875384,14.111201965864328,0.00041100161961045006,0.00041100161961045006
77.0,-1090.500088281904,2.0,3053.402322650781,105.69683614825675,14.128291146055277,0.0013529025709685919,0.0013529025709685919
78.0,-1105.594703113613,2.0,3053.375893950638,105.09486552041422,14.184476937385714,0.0003661957235015369,0.0003661957235015369
79.0,-1109.6378927777077,2.0,3053.368946783946,104.64679247197016,14.199855773715518,7.676532776163191e-05,7.676532776163191e-05
80.0,-1110.4784841130058,2.0,3053.367513580427,104.22338183481038,14.203089399508894,0.0008035509169673914,0.0008035509169673914
81.0,-1119.2003582957732,2.0,3053.3528226973162,103.66363358626504,14.237146488903578,4.7586123395290115e-05,4.7586123395290115e-05
82.0,-1119.7117027275672,2.0,3053.3519717285003,103.34067730173638,14.239172234829072,0.0002893104607276149,0.0002893104607276149
83.0,-1122.8004871580524,2.0,3053.3469282706665,102.92025585861367,14.251357458814338,2.6505796585348832e-05,2.6505796585348832e-05
84.0,-1123.0812447617864,2.0,3053.3464738256257,102.51876673135861,14.2524600210954,0.00028511237041298855,0.00028511237041298855
85.0,-1126.0769810134589,2.0,3053.3416910849196,102.05869732795932,14.26416257420466,0.0005533564017193732,0.0005533564017193732
86.0,-1131.8376653310224,2.0,3053.33222549696,101.5592928772782,14.28699682192018,0.00023951108145647002,0.00023951108145647002
87.0,-1134.3074823638453,2.0,3053.328218009174,101.08877109640797,14.296773979510446,0.00042348087978439546,0.00042348087978439546
88.0,-1138.6332527532177,2.0,3053.321061826987,100.61102945613543,14.314130361728717,7.403546779030624e-05,7.403546779030624e-05
89.0,-1139.3826292133235,2.0,3053.319787037698,100.28795628205326,14.31712574170352,0.0007143901146165683,0.0007143901146165683
90.0,-1146.5628019472933,2.0,3053.307584303923,99.73851732941031,14.346200035238462,7.774992435354141e-05,7.774992435354141e-05
91.0,-1147.3361825503816,2.0,3053.3062457540227,99.34202038157193,14.349327223975322,0.0005480690353109947,0.0005480690353109947
92.0,-1152.7421454159485,2.0,3053.2970067808756,98.86049914120602,14.371457121799994,0.00010788720166868538,0.00010788720166868538
93.0,-1153.7964615649726,2.0,3053.2952294186275,98.54530610580905,14.375826964796362,0.00025190901139464345,0.00025190901139464345
94.0,-1156.2422051183603,2.0,3053.2911122879723,98.13317392272813,14.385923458216302,0.0003318111876456525,0.0003318111876456525
95.0,-1159.4365802737302,2.0,3053.2855854589343,97.66230905593801,14.399264805873722,7.991160630398399e-05,7.991160630398399e-05
96.0,-1160.1987132046306,2.0,3053.2842384096516,97.27179700844889,14.402483571007336,0.0005497117469418723,0.0005497117469418723
97.0,-1165.397241283179,2.0,3053.2751656507,96.84182659795694,14.424381270421192,2.1633996897112797e-05,2.1633996897112797e-05
98.0,-1165.6001280418895,2.0,3053.2748135178012,96.46675181409485,14.4252458020157,0.00039256609687238653,0.00039256609687238653
99.0,-1169.2519044364271,2.0,3053.268558460382,96.10083362563947,14.440739293135547,2.875562838529848e-06,2.875562838529848e-06
100.0,-1169.2784612506766,2.0,3053.268512074382,95.74223235455354,14.440853042643015,7.019429190344517e-05,7.019429190344517e-05
101.0,-1169.9218592212783,2.0,3053.2673570344214,95.37083911980112,14.443589549168358,0.00019370168658576533,0.00019370168658576533
102.0,-1171.683366241814,2.0,3053.264199919137,94.92859416402399,14.451149774413155,0.000637619655473014,0.000637619655473014
103.0,-1177.4257118290952,2.0,3053.2536793569748,94.53932288326365,14.475763608834127,0.00018306955676127126,0.00018306955676127126
104.0,-1179.0616427548885,2.0,3053.250836093742,94.18837394959245,14.482863392828932,0.0004357078994094341,0.0004357078994094341
105.0,-1182.9253852109941,2.0,3053.2441571636627,93.76297754414522,14.499598407653055,8.571963704210975e-05,8.571963704210975e-05
106.0,-1183.6789268237153,2.0,3053.2428576879356,93.46451267748225,14.502849967355163,0.0002766121800734572,0.0002766121800734572
107.0,-1186.0946584125522,2.0,3053.2386072656927,93.05752664586113,14.513231849942924,5.834191169596515e-05,5.834191169596515e-05
108.0,-1186.5998537083688,2.0,3053.237730336872,92.7558787859481,14.515424163695851,0.00010191506449476011,0.00010191506449476011
109.0,-1187.4766096107596,2.0,3053.2361957007,92.38977531970093,14.519259098287659,3.7404213348249464e-05,3.7404213348249464e-05
110.0,-1187.7958757382476,2.0,3053.2356214012343,92.10069562324264,14.520666893695745,1.7063672631339464e-05,1.7063672631339464e-05
111.0,-1187.9406166408298,2.0,3053.235366763548,91.81353269183728,14.52130958002744,0.00020537126319198284,0.00020537126319198284
112.0,-1189.671502413341,2.0,3053.2322605451072,91.49364917696363,14.529058782404778,0.0002960070464836987,0.0002960070464836987
113.0,-1192.148709548299,2.0,3053.2277343430455,91.1718557452908,14.540263717442192,0.0005174395104508588,0.0005174395104508588
114.0,-1196.4477171070757,2.0,3053.2203024206474,90.80150793481089,14.559697047918227,0.00013029189644431216,0.00013029189644431216
115.0,-1197.5218304466725,2.0,3053.2184074624993,90.49734125103875,14.564607260908172,6.122869737504514e-05,6.122869737504514e-05
116.0,-1198.0232504325468,2.0,3053.217504533306,90.20478197275405,14.566917812982416,0.00010239950259056463,0.00010239950259056463
117.0,-1198.8563852250736,2.0,3053.21598164376,89.84415706554644,14.570786960968771,0.00019304609302092174,0.00019304609302092174
118.0,-1200.4143650992628,2.0,3053.21317112095,89.47760456114906,14.577985323174644,1.8038668326039227e-05,1.8038668326039227e-05
119.0,-1200.558784589015,2.0,3053.212903421972,89.18285221472513,14.578648670522579,0.0001743511030209361,0.0001743511030209361
120.0,-1201.9452713976316,2.0,3053.2103112800473,88.87075810857993,14.584984214549284,1.8489809310633038e-05,1.8489809310633038e-05
121.0,-1202.091301562301,2.0,3053.210044370638,88.58329555030336,14.585647968298431,0.00021556078085248088,0.00021556078085248088
122.0,-1203.7824595541897,2.0,3053.206890016992,88.2626234405033,14.593295545449998,0.00041129099414225113,0.00041129099414225113
123.0,-1206.9852760300455,2.0,3053.200805193322,87.91055519649807,14.607744630424312,3.186848024013819e-05,3.186848024013819e-05
124.0,-1207.2315566370053,2.0,3053.2003283006898,87.53747939073239,14.608866850948882,0.00015654055011709182,0.00015654055011709182
125.0,-1208.4309192237633,2.0,3053.197958362,87.23778191516779,14.614383084256216,1.3435921922196281e-05,1.3435921922196281e-05
126.0,-1208.53317107791,2.0,3053.1977672223734,86.86787999343728,14.61485707058228,4.721846921225427e-05,4.721846921225427e-05
127.0,-1208.8894670319314,2.0,3053.197083101778,86.53506991779736,14.616522689870596,0.00019174142312037497,0.00019174142312037497
128.0,-1210.3250277867082,2.0,3053.194319412678,86.22100358648503,14.623292790102084,0.00013702909739381593,0.00013702909739381593
129.0,-1211.343578227319,2.0,3053.192317854546,85.91495739223666,14.628075101203398,6.829721063987551e-05,6.829721063987551e-05
130.0,-1211.8476731433293,2.0,3053.191306783241,85.61983704231535,14.630429172592963,0.0006464024907192171,0.0006464024907192171
131.0,-1216.583370106433,2.0,3053.181661267562,85.26146174200137,14.652502266568867,0.00035164932653777836,0.00035164932653777836
132.0,-1219.1388429692051,2.0,3053.176556484452,84.8475481507905,14.664571493886198,0.00014313346961051192,0.00014313346961051192
133.0,-1220.169136510969,2.0,3053.174456175192,84.54520898953699,14.66941754562935,3.757167035109537e-05,3.757167035109537e-05
134.0,-1220.4376852528585,2.0,3053.1738975237704,84.18059556267612,14.670691052636073,1.189033970763508e-05,1.189033970763508e-05
135.0,-1220.5219436731895,2.0,3053.1737177064692,83.89845827646327,14.67108771106731,0.0001522465223604454,0.0001522465223604454
136.0,-1221.5934429796835,2.0,3053.171387259524,83.55955508458594,14.676102099746467,7.842381101506965e-05,7.842381101506965e-05
137.0,-1222.140972318448,2.0,3053.170192887032,83.27591281400478,14.678648197534757,0.00016926343708291184,0.00016926343708291184
138.0,-1223.3146017477047,2.0,3053.16776500725,82.96200752960698,14.684075423514724,1.3014542776353772e-05,1.3014542776353772e-05
139.0,-1223.4041757485647,2.0,3053.1675784575013,82.63170024808429,14.684493194673204,0.0006042997773713517,0.0006042997773713517
140.0,-1227.5279412030104,2.0,3053.1590897528963,82.23575601582931,14.703957251551842,0.00036717991198998356,0.00036717991198998356
141.0,-1230.0101977019222,2.0,3053.15407366777,81.90391931792261,14.715843293829126,9.173154067099979e-05,9.173154067099979e-05
142.0,-1230.625501876355,2.0,3053.1528133842367,81.64063980024002,14.718819685728622,0.00028537415652548997,0.00028537415652548997
143.0,-1232.5270582770972,2.0,3053.148997348169,81.28750353729505,14.727977197463508,0.00012593534592051132,0.00012593534592051132
144.0,-1233.3590965297299,2.0,3053.147335009498,80.99098856130132,14.732024637594602,0.00034966250065898973,0.00034966250065898973
145.0,-1235.6519578886619,2.0,3053.1426536549493,80.62224601928668,14.743135155366236,0.0001063209875463703,0.0001063209875463703
146.0,-1236.3429684396979,2.0,3053.1412609063764,80.32523803662477,14.746467743605287,0.000593402039522792,0.000593402039522792
147.0,-1240.1695015317782,2.0,3053.133493042645,79.93846023390253,14.764876258134867,0.0004798887146073346,0.0004798887146073346
148.0,-1243.2346359359362,2.0,3053.127391805631,79.59666527979002,14.779621386321384,0.0002826583259954404,0.0002826583259954404
149.0,-1245.0249614384811,2.0,3053.123778230824,79.25748601250697,14.788214539005127,0.000291015826302639,0.000291015826302639
150.0,-1246.8525303820643,2.0,3053.1201066715803,78.90892829116376,14.796949980697354,0.00023266462209855452,0.00023266462209855452
151.0,-1248.3009167452583,2.0,3053.1172359817024,78.59921159639477,14.803949721995966,0.0011299244965937213,0.0011299244965937213
152.0,-1255.2737720224613,2.0,3053.1030846035083,78.1308381308074,14.838192239727215,0.00020055571571734546,0.00020055571571734546
153.0,-1256.4978136817408,2.0,3053.1006337285476,77.84444780909678,14.844301342934411,0.0001518068023598363,0.0001518068023598363
154.0,-1257.4175922607355,2.0,3053.0987513556784,77.52005505389852,14.848934048824656,0.00032490285830875796,0.00032490285830875796
155.0,-1259.3694447616508,2.0,3053.094783302891,77.17654826467086,14.858869952033936,7.123174341963206e-05,7.123174341963206e-05
156.0,-1259.793687745383,2.0,3053.093932779266,76.884455162208,14.861018659606732,0.0002844113627585205,0.0002844113627585205
157.0,-1261.4744449779027,2.0,3053.0906242049896,76.59052807095264,14.869616278397292,2.3852156449867346e-06,2.3852156449867346e-06
158.0,-1261.4884368808125,2.0,3053.0905962667007,76.3246793495767,14.869688475744708,4.0970782797290295e-05,4.0970782797290295e-05
159.0,-1261.7271009886936,2.0,3053.090108425733,76.0428137640986,14.870910964265073,0.0010320246195310463,0.0010320246195310463
160.0,-1267.688929498443,2.0,3053.0776923935105,75.64556773673122,14.901873701235543,1.0817349083185864e-05,1.0817349083185864e-05
161.0,-1267.7508284603573,2.0,3053.0775606967245,75.3540772453068,14.902199515262158,0.00035164310151236954,0.00035164310151236954
162.0,-1269.746873700151,2.0,3053.073368504606,75.00831930644486,14.912651283803303,3.801485390987898e-05,3.801485390987898e-05
163.0,-1269.9607469411421,2.0,3053.0729224685956,74.75644707409214,14.913765337713196,0.00046265758517947405,0.00046265758517947405
164.0,-1272.54517641235,2.0,3053.067411400416,74.41643462462153,14.927176193588656,0.00012559108830304027,0.00012559108830304027
165.0,-1273.2405906979402,2.0,3053.0659545221483,74.15162730866204,14.930772475524272,0.00022354521960128119,0.00022354521960128119
166.0,-1274.4694802145168,2.0,3053.063321903584,73.83483250436267,14.937186321521045,2.5989024539175584e-05,2.5989024539175584e-05
167.0,-1274.611157980613,2.0,3053.063022497521,73.56540458356038,14.937932395058441,6.402502131544223e-05,6.402502131544223e-05
168.0,-1274.9576317145475,2.0,3053.062277029997,73.31269202345074,14.939743697752524,1.7686160002040113e-05,1.7686160002040113e-05
169.0,-1275.0526888001768,2.0,3053.062069579339,73.05696982805361,14.940237295622302,0.0009571848829383732,0.0009571848829383732
170.0,-1280.1567938242006,2.0,3053.050809801572,72.67841849222147,14.967101240806706,0.00016070136782259673,0.00016070136782259673
171.0,-1281.0055124869868,2.0,3053.048897601128,72.41175903647395,14.971631278395988,0.00042504323796896957,0.00042504323796896957
172.0,-1283.233301766937,2.0,3053.04376676214,72.07691370130733,14.983480877872552,0.00035063047774341904,0.00035063047774341904
173.0,-1285.0542458413875,2.0,3053.0396249821397,71.78977866481482,14.993284663093238,0.00027504438246304214,0.00027504438246304214
174.0,-1286.4713910490755,2.0,3053.036342345597,71.51099731596477,15.000997018234141,6.935579630218247e-05,6.935579630218247e-05
175.0,-1286.826040818196,2.0,3053.035502879416,71.22908570378488,15.002917539059542,0.00025512581421422494,0.00025512581421422494
176.0,-1288.1201265539057,2.0,3053.032477215676,70.94789446965021,15.00988499093546,0.0003188435652892002,0.0003188435652892002
177.0,-1289.7245661240268,2.0,3053.028686501689,70.61741899946851,15.0184911248214,0.0002317341405238519,0.0002317341405238519
178.0,-1290.8799244879592,2.0,3053.025873255577,70.31468690397472,15.024758246280934,0.0004462728770971568,0.0004462728770971568
179.0,-1293.0854226300507,2.0,3053.020565729737,69.98416641530135,15.036860771986106,5.084824570369448e-05,5.084824570369448e-05
180.0,-1293.3344542526902,2.0,3053.0199734924367,69.7411752742996,15.038241614755918,0.00019683407717728868,0.00019683407717728868
181.0,-1294.2916416402513,2.0,3053.0176480996593,69.45036118128922,15.043519191654793,0.0002681423436703216,0.0002681423436703216
182.0,-1295.5846559487181,2.0,3053.0145355733653,69.1463767829311,15.050724697659371,0.00021002019754841605,0.00021002019754841605
183.0,-1296.5886073190086,2.0,3053.012149361465,68.84899103585927,15.056292306781778,0.00034918016786042623,0.00034918016786042623
184.0,-1298.2432354415396,2.0,3053.0082676892803,68.57261933499794,15.065568634746631,0.0007151198712122025,0.0007151198712122025
185.0,-1301.603579375842,2.0,3053.0002328829387,68.1978333113724,15.084392222253227,0.0003248232941171113,0.0003248232941171113
186.0,-1303.1138418629744,2.0,3052.9965091395416,67.89084386854275,15.092838718939735,0.00015253369557773912,0.00015253369557773912
187.0,-1303.8167915248996,2.0,3052.9947975786354,67.643486585388,15.096750171327445,0.000323768986195524,0.000323768986195524
188.0,-1305.2977805154078,2.0,3052.991110411895,67.33819659606083,15.105072652791716,0.00030364212865007894,0.00030364212865007894
189.0,-1306.674221764275,2.0,3052.987724240233,67.04646520831908,15.11277463301467,0.0004694484780979755,0.0004694484780979755
190.0,-1308.783540013941,2.0,3052.9825831136736,66.7251844901723,15.124544696677738,0.0004015718844394,0.0004015718844394
191.0,-1310.5707410391005,2.0,3052.978284946135,66.41415770200162,15.134487342133617,0.0003088296995546247,0.0003088296995546247
192.0,-1311.9325331037508,2.0,3052.975048185271,66.18353314940282,15.142152036623141,0.0008935241076556464,0.0008935241076556464
193.0,-1315.843059179606,2.0,3052.966044357681,65.85335084449378,15.164454521156632,0.0002722098493695162,0.0002722098493695162
194.0,-1317.023236026209,2.0,3052.9632633478886,65.60180433806974,15.171277855628835,6.141972114028657e-05,6.141972114028657e-05
195.0,-1317.2875462399825,2.0,3052.962626058709,65.38461386071509,15.172797934091161,0.00010145503230218032,0.00010145503230218032
196.0,-1317.7212396916402,2.0,3052.9615715465034,65.16377438531802,15.175311304003403,0.0002737802830707958,0.0002737802830707958
197.0,-1318.8835000832805,2.0,3052.9585554233113,64.93670120912805,15.182102546833617,0.0006373106951430219,0.0006373106951430219
198.0,-1321.5692988942064,2.0,3052.9517491967663,64.61281847592508,15.197976226496698,7.147001216761905e-05,7.147001216761905e-05
199.0,-1321.8676532963982,2.0,3052.9510029912008,64.4265821010553,15.199759459287904,0.00024695983628899383,0.00024695983628899383
200.0,-1322.8924989747975,2.0,3052.9485186515485,64.15198689361392,15.205931299912784,0.00018282570508411524,0.00018282570508411524
201.0,-1323.644788037167,2.0,3052.946716851443,63.929021144753456,15.210438070748037,0.0006095950106751388,0.0006095950106751388
202.0,-1326.134770725006,2.0,3052.9411224456912,63.674120619577735,15.225519917001577,0.00036727092522217573,0.00036727092522217573
203.0,-1327.623336316814,2.0,3052.9378979355984,63.42818448020843,15.234522381756546,0.0003468773078545081,0.0003468773078545081
204.0,-1329.0184347540198,2.0,3052.9348432799243,63.175135689723334,15.24304942460962,2.391011740582741e-05,2.391011740582741e-05
205.0,-1329.1138603107029,2.0,3052.934629123988,62.905528572310054,15.243629811213946,0.00016153490127742527,0.00016153490127742527
206.0,-1329.752977225835,2.0,3052.9331423697117,62.69111131091995,15.247552748562617,0.0002473852097376586,0.0002473852097376586
207.0,-1330.7250281474808,2.0,3052.930918555936,62.45827861000338,15.25357145184404,0.00014385130718020907,0.00014385130718020907
208.0,-1331.286124608756,2.0,3052.929624421713,62.24779770792911,15.257028888234876,0.00022236456927087557,0.00022236456927087557
209.0,-1332.147569282577,2.0,3052.927492017122,61.94522932307525,15.262307637428988,0.00016710843241575445,0.00016710843241575445
210.0,-1332.7887031092796,2.0,3052.9258472622873,61.73750503025765,15.266278687520085,0.00028508489636403916,0.00028508489636403916
211.0,-1333.8750296317594,2.0,3052.9231338311592,61.468592015088795,15.272976315559795,0.00015143118543286228,0.00015143118543286228
212.0,-1334.4471168173586,2.0,3052.9217240249473,61.2391054241827,15.276484447021884,0.0004812024495010203,0.0004812024495010203
213.0,-1336.2509513800906,2.0,3052.9171739024205,61.0139179903563,15.287664344284282,0.00015958214858903977,0.00015958214858903977
214.0,-1336.844942703523,2.0,3052.91572591673,60.762036302260526,15.291332338424178,5.7849984205817595e-05,5.7849984205817595e-05
215.0,-1337.0585152968815,2.0,3052.9152127039597,60.55772850811429,15.292662564660368,6.578840566672516e-05,6.578840566672516e-05
216.0,-1337.2997629316123,2.0,3052.9146720904714,60.3072586001489,15.29415527418065,0.0001476513865586424,0.0001476513865586424
217.0,-1337.8366956371501,2.0,3052.9134867961575,60.06776510469932,15.297509045653637,0.0003483299416760946,0.0003483299416760946
218.0,-1339.0931291274828,2.0,3052.9109073674144,59.815648994678966,15.305438226554811,0.00028811016431506926,0.00028811016431506926
219.0,-1340.12369960883,2.0,3052.908733069434,59.588675998653585,15.312012291052861,0.00012520535222886302,0.00012520535222886302
220.0,-1340.5682312971912,2.0,3052.9078303358706,59.316959161170196,15.31487347541935,4.0468059154180516e-05,4.0468059154180516e-05
221.0,-1340.710613099527,2.0,3052.907528703213,59.106990656253025,15.315783798210783,0.0005834269132121245,0.0005834269132121245
222.0,-1342.7478340465277,2.0,3052.9031648081104,58.78951614906208,15.328757767050483,6.429629745043398e-05,6.429629745043398e-05
223.0,-1342.9700427125172,2.0,3052.9026685309796,58.587496268930465,15.330189703868834,8.196348649905422e-05,8.196348649905422e-05
224.0,-1343.251361579696,2.0,3052.9020532340055,58.308048645981714,15.331990816094345,0.0005435545244501552,0.0005435545244501552
225.0,-1345.0984471934462,2.0,3052.8978347541797,58.03507685427821,15.34376348689913,0.00014409271834549367,0.00014409271834549367
226.0,-1345.5836987672483,2.0,3052.8967024160947,57.80569618414115,15.346891307110988,0.00026959072557170775,0.00026959072557170775
227.0,-1346.4843186457947,2.0,3052.8945456597608,57.551215733902914,15.352753581025711,0.00010055096895502699,0.00010055096895502699
228.0,-1346.8173279932453,2.0,3052.893758561443,57.3264961310743,15.354941898788164,1.3157985095056806e-05,1.3157985095056806e-05
229.0,-1346.8605689291835,2.0,3052.8936537211375,57.140883285741566,15.355224154190521,0.0002345607105456254,0.0002345607105456254
230.0,-1347.626268708762,2.0,3052.891650867611,56.9145965443164,15.360260020235826,0.00032387744169476396,0.00032387744169476396
231.0,-1348.6750957271615,2.0,3052.8889676969575,56.65620079901361,15.367228215678479,1.873077171349064e-05,1.873077171349064e-05
232.0,-1348.7352191043283,2.0,3052.888816028061,56.410095561794336,15.367625282732718,1.80808667358684e-05,1.80808667358684e-05
233.0,-1348.7927532855974,2.0,3052.888673016039,56.18031710339989,15.368002528485917,0.00018538068988108918,0.00018538068988108918
234.0,-1349.3777611461446,2.0,3052.8872395285366,55.94617597700687,15.371872760365738,6.640791063760912e-05,6.640791063760912e-05
235.0,-1349.5856040645667,2.0,3052.886743333358,55.72352317177537,15.373260463233834,4.2619665785279663e-05,4.2619665785279663e-05
236.0,-1349.717937940979,2.0,3052.886426159875,55.49253905311147,15.374151183137252,0.00013264466165429148,0.00013264466165429148
237.0,-1350.126358972273,2.0,3052.885519232551,55.252498120567466,15.376882354965339,0.0003233999216295968,0.0003233999216295968
238.0,-1351.113366616777,2.0,3052.8833580349055,55.00508296700095,15.38355106184958,0.0004923082440971544,0.0004923082440971544
239.0,-1352.6022288311542,2.0,3052.8800028109044,54.761157072804785,15.393576266596812,9.476592137548032e-05,9.476592137548032e-05
240.0,-1352.8863876503528,2.0,3052.8793882019536,54.52594798950889,15.395480646022257,0.00022208263964931333,0.00022208263964931333
241.0,-1353.546528370156,2.0,3052.877986918731,54.24987922425312,15.399948244972517,0.00026498603727008224,0.00026498603727008224
242.0,-1354.3262136006997,2.0,3052.876251086199,53.996112849186,15.405196269234091,0.00012744371342105553,0.00012744371342105553
243.0,-1354.6977445649572,2.0,3052.8754385232596,53.75322372553382,15.407722831829194,7.097961108000142e-05,7.097961108000142e-05
244.0,-1354.9028210338656,2.0,3052.8749804167355,53.53367187326218,15.409130627050237,0.00032484244254909784,0.00032484244254909784
245.0,-1355.8335103523896,2.0,3052.8728398995045,53.27372226882284,15.415583834883972,0.00024910117019073406,0.00024910117019073406
246.0,-1356.5403303540043,2.0,3052.8712431227373,53.03890337058641,15.420540238731427,2.59260474828116e-06,2.59260474828116e-06
247.0,-1356.5476236597751,2.0,3052.8712261582627,52.81308494662488,15.420591859773264,5.356227171400864e-06,5.356227171400864e-06
248.0,-1356.5625632982737,2.0,3052.8711917318647,52.59634026664484,15.420698495433419,0.00015498007716264437,0.00015498007716264437
249.0,-1356.991239757408,2.0,3052.8701797306653,52.36738005131623,15.423738196326681,2.668042601472064e-05,2.668042601472064e-05
250.0,-1357.0644049712064,2.0,3052.8700018881495,52.1480437559721,15.42426177071295,0.00017240395471839826,0.00017240395471839826
251.0,-1357.533174798893,2.0,3052.868828978387,51.90220689415752,15.427594466241734,0.0005510508497284166,0.0005510508497284166
252.0,-1359.0169198227304,2.0,3052.8651695427143,51.666939613036334,15.43809794159499,7.236239679382182e-05,7.236239679382182e-05
253.0,-1359.210077302825,2.0,3052.8646499845777,51.45873925468205,15.439458543769707,0.00014721226019454036,0.00014721226019454036
254.0,-1359.5998465710109,2.0,3052.8636280220185,51.21522664617858,15.442185396485701,0.0003250868944887105,0.0003250868944887105
255.0,-1360.4523115130578,2.0,3052.8614268208817,50.9717594502623,15.448113747405218,6.152008009646682e-05,6.152008009646682e-05
256.0,-1360.6121395995178,2.0,3052.861025703654,50.74901433917601,15.4492182240086,9.707334499962274e-05,9.707334499962274e-05
257.0,-1360.862127466291,2.0,3052.860395419215,50.51057822855925,15.450932172309024,0.0009642545636281465,0.0009642545636281465
258.0,-1363.320201167906,2.0,3052.8542786262637,50.19667114018816,15.467724585825358,0.00018169595560052582,0.00018169595560052582
259.0,-1363.7779495372888,2.0,3052.853159518049,49.94938082326316,15.470841123518206,0.00015801797186113442,0.00015801797186113442
260.0,-1364.1721414541826,2.0,3052.8522134497452,49.685402965010056,15.473553747468468,0.00018186839455127288,0.00018186839455127288
261.0,-1364.62103863202,2.0,3052.8510742513195,49.43482542743589,15.47667841520239,2.322810570809608e-05,2.322810570809608e-05
262.0,-1364.6778023833504,2.0,3052.8509326895664,49.18083566578897,15.477070339208925,0.00010662648820831608,0.00010662648820831608
263.0,-1364.9356820970097,2.0,3052.8503074758755,48.93421389868237,15.478870918188328,0.0002591159001537081,0.0002591159001537081
264.0,-1365.5560113605861,2.0,3052.8487686620165,48.70463816870264,15.483169841060779,0.0001758078358674085,0.0001758078358674085
265.0,-1365.9729890285416,2.0,3052.8477024725958,48.45328786861713,15.486040329541774,0.000316785238890847,0.000316785238890847
266.0,-1366.7165077983627,2.0,3052.8458357207915,48.194505859543156,15.49112156718701,0.00014443974108501018,0.00014443974108501018
267.0,-1367.0519573428683,2.0,3052.845001552917,47.97590657340665,15.493396372854018,0.00012268039162390576,0.00012268039162390576
268.0,-1367.3342990370147,2.0,3052.8442774024916,47.72743998911963,15.495295666993972,5.8324371070112435e-05,5.8324371070112435e-05
269.0,-1367.467149796128,2.0,3052.843951794568,47.51229103071485,15.496199494798645,0.0007484898150693879,0.0007484898150693879
270.0,-1369.1556858914118,2.0,3052.839677480934,47.205104845302536,15.507624821914918,0.0018676208253156088,0.0018676208253156088
271.0,-1373.310401456114,2.0,3052.8294614225,46.822509033688014,15.536418688203867,1.5530528779213977e-05,1.5530528779213977e-05
272.0,-1373.3444492959352,2.0,3052.8293793595885,46.5753453415905,15.536654477113434,0.00020766333781815837,0.00020766333781815837
273.0,-1373.7948406635187,2.0,3052.82822646656,46.311871678635846,15.539744588988237,0.0005260793489891191,0.0005260793489891191
274.0,-1374.9226281874144,2.0,3052.8254241997583,46.09522075018965,15.547435689018844,0.00027451917503081605,0.00027451917503081605
275.0,-1375.5057725938277,2.0,3052.824027679536,45.847858662598036,15.551460065336402,0.0005418961682785136,0.0005418961682785136
276.0,-1376.6442952236794,2.0,3052.821354637706,45.5706128117883,15.559423468607358,0.00060756076644989,0.00060756076644989
277.0,-1377.9052992384932,2.0,3052.818550374023,45.3372916236061,15.568208392950433,4.886128853057598e-05,4.886128853057598e-05
278.0,-1378.0057276831612,2.0,3052.818335869543,45.10672556319333,15.568916209974462,0.00017406390333977003,0.00017406390333977003
279.0,-1378.3598251910153,2.0,3052.8176062436846,44.85109002566669,15.571440723240858,0.0010496743166143376,0.0010496743166143376
280.0,-1380.4693181592884,2.0,3052.8134453599127,44.56101729629924,15.586425358499886,0.0010387610116649516,0.0010387610116649516
281.0,-1382.529995578985,2.0,3052.809215134372,44.264432417926166,15.601352471976769,0.0005378043752851854,0.0005378043752851854
282.0,-1383.5832182987142,2.0,3052.807110257873,44.04541605187307,15.609110731904675,0.0007219962749570433,0.0007219962749570433
283.0,-1384.982968525579,2.0,3052.804457288313,43.780058361998684,15.619568733323788,0.0002977584934868099,0.0002977584934868099
284.0,-1385.553524890849,2.0,3052.8034065436636,43.58915849528652,15.623809743881738,0.0001388606810228133,0.0001388606810228133
285.0,-1385.8173286105193,2.0,3052.802948112433,43.38231194142912,15.62575636626848,0.0007561993094332858,0.0007561993094332858
286.0,-1387.2395324340396,2.0,3052.800521426099,43.102634119448325,15.636393980676283,0.0004893230299707834,0.0004893230299707834
287.0,-1388.1482070709353,2.0,3052.799048553657,42.88578952754155,15.643165516402114,4.448005437710066e-05,4.448005437710066e-05
288.0,-1388.2300110585093,2.0,3052.7989242999256,42.7260186190679,15.6437707275423,8.5922299674581e-05,8.5922299674581e-05
289.0,-1388.386851056046,2.0,3052.798710524702,42.47133667770483,15.644940496162237,7.732099738337782e-05,7.732099738337782e-05
290.0,-1388.5263140314346,2.0,3052.7984906453657,42.26134733184247,15.645993428878649,0.0006835148898620899,0.0006835148898620899
291.0,-1389.7463359746507,2.0,3052.796641116432,42.00564630620309,15.655324805252448,0.00023685300546917639,0.00023685300546917639
292.0,-1390.1641685823633,2.0,3052.796033734618,41.791451543716384,15.658564626375359,0.0010352813964761712,0.0010352813964761712
293.0,-1391.9706343049256,2.0,3052.7932661789914,41.512951888181796,15.672519415793696,0.000832771109867366,0.000832771109867366
294.0,-1393.40469350899,2.0,3052.7911598202118,41.24645542282178,15.683580703888618,0.00022404229652005933,0.00022404229652005933
295.0,-1393.7857734380195,2.0,3052.7906169064127,41.06162178898398,15.6865628721303,0.0009106767174376793,0.0009106767174376793
296.0,-1395.3199683147577,2.0,3052.788615298085,40.79634306841603,15.698515173348495,4.70636176440175e-05,4.70636176440175e-05
297.0,-1395.3982949577767,2.0,3052.7885183711555,40.606160275961976,15.69913388363972,0.00013701151722903007,0.00013701151722903007
298.0,-1395.6241800346215,2.0,3052.7882481752604,40.39837565007609,15.70090224518429,0.00017070248212628313,0.00017070248212628313
299.0,-1395.9027290038175,2.0,3052.787932154271,40.22124624231085,15.703107190670686,0.000524227496847332,0.000524227496847332
300.0,-1396.7504029899646,2.0,3052.787074992003,39.93966211242523,15.709893670939877,5.987192061256498e-06,5.987192061256498e-06
301.0,-1396.7599535675945,2.0,3052.7870631624196,39.70449850525334,15.709969555709131,0.0006287177419060534,0.0006287177419060534
302.0,-1397.7505412944847,2.0,3052.785684818313,39.4585555612666,15.717954982968074,0.0007274767166409989,0.0007274767166409989
303.0,-1398.8824727088795,2.0,3052.7841878275362,39.26413693253747,15.72704164054016,1.989388143935445e-05,1.989388143935445e-05
304.0,-1398.9131420137164,2.0,3052.784152578776,39.06176835941138,15.727286236897562,0.0016876749344441504,0.0016876749344441504
305.0,-1401.4843411838883,2.0,3052.7813823471865,38.74609585364636,15.747732539232997,0.0005552901121443805,0.0005552901121443805
306.0,-1402.317564245248,2.0,3052.7805105074585,38.505618722761675,15.754490965475732,0.00023012429923882264,0.00023012429923882264
307.0,-1402.658695293674,2.0,3052.7801714523603,38.29246325151914,15.757238198174083,0.00019188667166008898,0.00019188667166008898
308.0,-1402.9400131779876,2.0,3052.7799099232916,38.04290804229587,15.759530719565685,0.000606761099576046,0.000606761099576046
309.0,-1403.8176849457122,2.0,3052.7789275719915,37.81291449105319,15.766795113143147,8.940858958754404e-05,8.940858958754404e-05
310.0,-1403.9455127928668,2.0,3052.778783834389,37.615967025071555,15.767866607036622,0.0001746357028263711,0.0001746357028263711
311.0,-1404.1925781204554,2.0,3052.778505062941,37.398886135774454,15.769960425945497,0.00021980670681444434,0.00021980670681444434
312.0,-1404.499957861688,2.0,3052.7781824278986,37.17858228257555,15.772542870644221,0.0002903463235170098,0.0002903463235170098
313.0,-1404.901186414525,2.0,3052.777790164048,36.91726433803566,15.775885056553808,0.000705047240531638,0.000705047240531638
314.0,-1405.8614895339197,2.0,3052.7766888074493,36.726408339072826,15.783830405106077,0.0030410473645793427,0.0030410473645793427
315.0,-1409.9523551470375,2.0,3052.772547229086,36.330888810675006,15.817882102717405,6.405360102217484e-05,6.405360102217484e-05
316.0,-1410.036896853122,2.0,3052.772464655867,36.125776808219946,15.818587092876147,0.0004426899467423278,0.0004426899467423278
317.0,-1410.614414628897,2.0,3052.7719480830515,35.93844650581111,15.82346464261985,6.0441587589286675e-05,6.0441587589286675e-05
318.0,-1410.6924751716324,2.0,3052.7718720513217,35.698258288176255,15.824131484018158,0.0002563874107483792,0.0002563874107483792
319.0,-1411.0191327910434,2.0,3052.771485584337,35.478643841656776,15.826894382308545,6.437973060347975e-05,6.437973060347975e-05
320.0,-1411.1001652044397,2.0,3052.7713964731415,35.27106933202416,15.827588132775878,0.0007307395499143831,0.0007307395499143831
321.0,-1412.0086580668249,2.0,3052.770463103163,35.02008940756995,15.835301866417488,0.0003091267691834144,0.0003091267691834144
322.0,-1412.3876713143836,2.0,3052.770104473116,34.80636807914517,15.83856956476396,0.00010682585440403733,0.00010682585440403733
323.0,-1412.5170769829856,2.0,3052.7699815955502,34.60418690637172,15.839673976259919,7.912671873178512e-06,7.912671873178512e-06
324.0,-1412.5265519446803,2.0,3052.7699725845378,34.44861187661111,15.839753885584521,0.0014232907645136004,0.0014232907645136004
325.0,-1414.2134999358386,2.0,3052.7682235122556,34.156305766406696,15.854208684574742,0.0008391643154288759,0.0008391643154288759
326.0,-1415.1918090905601,2.0,3052.767299264323,33.95620533203893,15.862764879444764,0.0012093006804390477,0.0012093006804390477
327.0,-1416.584724590306,2.0,3052.7658620680386,33.678051759978736,15.875167961360779,0.0011413446928296715,0.0011413446928296715
328.0,-1417.8780033912408,2.0,3052.764582277258,33.46641003730517,15.886925091326326,1.994115360744481e-05,1.994115360744481e-05
329.0,-1417.900337121835,2.0,3052.7645582058444,33.28109012390458,15.88713099224262,4.545962174029777e-05,4.545962174029777e-05
330.0,-1417.950687658271,2.0,3052.764511320067,33.077327992094006,15.88760086458493,0.000836682133732254,0.000836682133732254
331.0,-1418.8654546639664,2.0,3052.7637482870905,32.82876529833771,15.89607062226721,0.000526836839448447,0.000526836839448447
332.0,-1419.4329844314889,2.0,3052.7633320174514,32.596675657637626,15.901291859992751,0.00028855815985708244,0.00028855815985708244
333.0,-1419.7395146370181,2.0,3052.763138848357,32.43537732351528,15.904152917880698,6.910601926820193e-05,6.910601926820193e-05
334.0,-1419.8122135875092,2.0,3052.763086619777,32.22831027002376,15.90482576708919,0.00026446418010495315,0.00026446418010495315
335.0,-1420.0868406344198,2.0,3052.7629165192816,32.02790405641994,15.907339936663442,0.0003127849839614912,0.0003127849839614912
336.0,-1420.4076058332976,2.0,3052.7627080832967,31.81691187438128,15.910314071658298,0.0003291583150611637,0.0003291583150611637
337.0,-1420.7407254540994,2.0,3052.7624907835684,31.590162941064335,15.913444735074366,0.0008258545159538489,0.0008258545159538489
338.0,-1421.5643086153032,2.0,3052.7620459058935,31.40492986048682,15.921312978932129,0.0002992367765012867,0.0002992367765012867
339.0,-1421.8593627102891,2.0,3052.761859241724,31.181215384635028,15.924115915367455,0.0010690640163278807,0.0010690640163278807
340.0,-1422.8978433668344,2.0,3052.7613225072682,30.95834680591111,15.93391170930605,0.0002778075818830513,0.0002778075818830513
341.0,-1423.1640365103267,2.0,3052.761227510452,30.808758298247934,15.936465579337815,0.0008249067701244535,0.0008249067701244535
342.0,-1423.9464751354353,2.0,3052.7609423381195,30.55732899656912,15.944077359117165,0.00017462431971881,0.00017462431971881
343.0,-1424.1095064638648,2.0,3052.7608929666208,30.407685180518435,15.945649885156854,0.00027789482177180245,0.00027789482177180245
344.0,-1424.366394709592,2.0,3052.7607908326504,30.219440422786526,15.948106604543733,0.0010513799731269931,0.0010513799731269931
345.0,-1425.3256761815283,2.0,3052.7605613352625,30.01145972929962,15.957444151645293,6.498077288445888e-05,6.498077288445888e-05
346.0,-1425.3842002946803,2.0,3052.7605740784456,29.765479379616398,15.958022711198069,0.0001353758426715089,0.0001353758426715089
347.0,-1425.504127287004,2.0,3052.7605754414135,29.6158193492816,15.959226945023811,0.0001078483492491004,0.0001078483492491004
348.0,-1425.5987121072576,2.0,3052.7605676104363,29.40744894848872,15.96018774866006,8.961060664959805e-05,8.961060664959805e-05
349.0,-1425.6762013781918,2.0,3052.7605712136856,29.21891702577612,15.960985370406519,0.0010058490312761785,0.0010058490312761785
350.0,-1426.5341938392703,2.0,3052.7607775940364,29.02431488963601,15.969767122471474,5.682671144606377e-05,5.682671144606377e-05
351.0,-1426.5820629185691,2.0,3052.76078455735,28.81960297292179,15.970254022109724,3.236892395661065e-05,3.236892395661065e-05
352.0,-1426.6089468010214,2.0,3052.7607921444974,28.672743110912286,15.970524161604505,0.00019131046054379126,0.00019131046054379126
353.0,-1426.766202065577,2.0,3052.7608211196857,28.512205021277747,15.972123351831153,0.0009048087571762374,0.0009048087571762374
354.0,-1427.5011897927143,2.0,3052.760903908907,28.286475659865285,15.979715341997661,6.531956490337563e-05,6.531956490337563e-05
355.0,-1427.5534506379408,2.0,3052.7609084066094,28.137019565345177,15.980250241090655,0.0001451653011724604,0.0001451653011724604
356.0,-1427.6683624975776,2.0,3052.760906364295,27.940465783699835,15.981440926778268,9.734742332911643e-05,9.734742332911643e-05
357.0,-1427.744352284124,2.0,3052.7609055009043,27.73027098779267,15.982218776675833,0.002595728958889858,0.002595728958889858
358.0,-1429.7358807014825,2.0,3052.761176664598,27.40465487661188,16.002529195828057,0.0006433975731090588,0.0006433975731090588
359.0,-1430.2188147597044,2.0,3052.7613110965544,27.20372825355896,16.007577426512597,0.001470397390660764,0.001470397390660764
360.0,-1431.3055592671772,2.0,3052.761840759495,27.00069480280267,16.018904098470067,2.690218390248622e-05,2.690218390248622e-05
361.0,-1431.3251715017977,2.0,3052.7618503145877,26.76070096135409,16.019107377415633,0.00018086670650318667,0.00018086670650318667
362.0,-1431.4546756117015,2.0,3052.7618831817126,26.580231180046596,16.020432039928835,0.0008947219407304382,0.0008947219407304382
363.0,-1432.0862973198018,2.0,3052.7621711071824,26.33980790490638,16.026842901396662,0.00013187696610979794,0.00013187696610979794
364.0,-1432.1777807561666,2.0,3052.762227425911,26.20300528551155,16.027760859737352,0.0006766097640043219,0.0006766097640043219
365.0,-1432.6420579300393,2.0,3052.762513740637,26.012024761508957,16.03248677234638,0.0007618040674676491,0.0007618040674676491
366.0,-1433.1571506362998,2.0,3052.763135363074,25.83406802780471,16.037693367056008,0.0014942456169144372,0.0014942456169144372
367.0,-1434.1530235915561,2.0,3052.7642403261184,25.62193952168151,16.047717257826974,6.371763551715061e-05,6.371763551715061e-05
368.0,-1434.1948506971275,2.0,3052.7642824866125,25.472532903935402,16.048135182815003,0.0003459564494433159,0.0003459564494433159
369.0,-1434.4192516069743,2.0,3052.7644923060984,25.266008228674384,16.05035041007295,0.0009342122127015049,0.0009342122127015049
370.0,-1435.015106955816,2.0,3052.7651530740086,25.031463223046252,16.05634264597153,2.7287833745361054e-06,2.7287833745361054e-06
371.0,-1435.0168167366319,2.0,3052.765155274661,24.890186561345207,16.056360140320756,0.0003531824911027623,0.0003531824911027623
372.0,-1435.2355491249546,2.0,3052.7654130813758,24.73341349731822,16.058570684657507,0.0007988279450558685,0.0007988279450558685
373.0,-1435.7238656766094,2.0,3052.765974768574,24.55401348899097,16.063588509508563,0.00011765038249814335,0.00011765038249814335
374.0,-1435.794789247724,2.0,3052.7660987096306,24.403638821643025,16.064329020705948,0.0002915979791138719,0.0002915979791138719
375.0,-1435.9683998000473,2.0,3052.7663835977505,24.202671679119106,16.06616794072724,0.0002270911925347917,0.0002270911925347917
376.0,-1436.1013946219318,2.0,3052.766626561869,24.046619416168696,16.067556772910887,0.0013961092191058888,0.0013961092191058888
377.0,-1436.9076342458466,2.0,3052.7680135382925,23.838754759322267,16.07613954240816,0.0013484220793808879,0.0013484220793808879
378.0,-1437.672971325661,2.0,3052.7692487869977,23.63536178165376,16.084477638568465,0.001944862609016385,0.001944862609016385
379.0,-1438.7574961852551,2.0,3052.7709016613726,23.412117486498094,16.096590576089763,0.0010049541180380663,0.0010049541180380663
380.0,-1439.3078358983148,2.0,3052.771717819498,23.23579076516016,16.102880722619705,0.0003690282934864968,0.0003690282934864968
381.0,-1439.5070080434125,2.0,3052.7720152495035,23.075234890432597,16.105139352745255,0.0016039266133054814,0.0016039266133054814
382.0,-1440.3598069748768,2.0,3052.7731868978335,22.837514272963336,16.115008468965875,0.001111249399743725,0.001111249399743725
383.0,-1440.9387954364502,2.0,3052.774099792228,22.620130620753873,16.12166990270347,0.00048602825365689286,0.00048602825365689286
384.0,-1441.1873709410938,2.0,3052.7745432471493,22.42684433716347,16.124500724176045,0.0013777826738288798,0.0013777826738288798
385.0,-1441.8794778481679,2.0,3052.7759280121945,22.235047362662,16.132543323042107,0.0007244166389359489,0.0007244166389359489
386.0,-1442.2373909394191,2.0,3052.7766350703155,22.061676792103672,16.136677691476496,0.00023655894251308455,0.00023655894251308455
387.0,-1442.3525027970936,2.0,3052.776944333087,21.91129320004576,16.137993736943155,0.0005997334390760245,0.0005997334390760245
388.0,-1442.640274836518,2.0,3052.7776843810598,21.744739100043258,16.141246924393812,0.0015973698478619716,0.0015973698478619716
389.0,-1443.3944207174536,2.0,3052.7795373343215,21.537340794511188,16.149712071965407,0.0016015008759137433,0.0016015008759137433
390.0,-1444.1361531806724,2.0,3052.7812757327533,21.331384131575117,16.15800307448925,9.989314378413166e-05,9.989314378413166e-05
391.0,-1444.181602993678,2.0,3052.781377664446,21.18494358546432,16.15850602234838,0.0008147959377503361,0.0008147959377503361
392.0,-1444.5470006974756,2.0,3052.78215349568,21.00721361628018,16.16262025348738,0.001238036517297659,0.001238036517297659
393.0,-1445.0927090354853,2.0,3052.783339399047,20.79861531728626,16.168889242177762,0.0002703175583356897,0.0002703175583356897
394.0,-1445.20961394197,2.0,3052.783621116118,20.651650464764487,16.170258693639507,0.0007064714865725833,0.0007064714865725833
395.0,-1445.5107161083542,2.0,3052.7843325850536,20.462836612438753,16.173742749748648,0.00034320914189426573,0.00034320914189426573
396.0,-1445.6543810237963,2.0,3052.7846921613555,20.30892298813591,16.175436236408064,0.00034900179124499,0.00034900179124499
397.0,-1445.7982808521156,2.0,3052.7850320240036,20.153358744631817,16.17716102376369,0.0016009941246498606,0.0016009941246498606
398.0,-1446.447561289253,2.0,3052.7864743115847,19.952164239865105,16.184871277610913,0.0011088130589975598,0.0011088130589975598
399.0,-1446.8885123845903,2.0,3052.7874194274077,19.755772124565024,16.190231305236804,0.0005070846469094333,0.0005070846469094333
400.0,-1447.086328778063,2.0,3052.787893947008,19.53299808479894,16.192607433314596,0.0018748575541402608,0.0018748575541402608
401.0,-1447.800417019349,2.0,3052.789392170382,19.297815855189025,16.20142693574203,0.0023493594167469938,0.0023493594167469938
402.0,-1448.6734569825348,2.0,3052.7911428388156,19.08070810957799,16.212537818812212,0.0019736174415529296,0.0019736174415529296
403.0,-1449.3907156482783,2.0,3052.7924711530222,18.881300922690507,16.2219248474411,0.00045757944250835456,0.00045757944250835456
404.0,-1449.553777420224,2.0,3052.79277888714,18.714864462066483,16.224105757493042,0.001283018696239503,0.001283018696239503
405.0,-1450.002637948066,2.0,3052.7937455863507,18.539794628605506,16.230234341020246,0.000667530721303818,0.000667530721303818
406.0,-1450.2319474696524,2.0,3052.7942049971352,18.378638274866507,16.233338585168923,4.854076419901818e-05,4.854076419901818e-05
407.0,-1450.24834258989,2.0,3052.794237495553,18.240875270009834,16.233564476458213,0.0007429621575225152,0.0007429621575225152
408.0,-1450.495384351365,2.0,3052.794741155116,18.065759936941014,16.23692325845559,0.0010991435403285414,0.0010991435403285414
409.0,-1450.8537597816103,2.0,3052.795574463707,17.876920908097592,16.24174237648206,0.0014887923546437149,0.0014887923546437149
410.0,-1451.3289141649293,2.0,3052.7967621395173,17.69808992683092,16.248070859527065,0.0010611263802086778,0.0010611263802086778
411.0,-1451.6609619430856,2.0,3052.797534732881,17.443406138797595,16.252456394916525,0.0001600854251542986,0.0001600854251542986
412.0,-1451.7096645363308,2.0,3052.797592650878,17.239257724566027,16.253117661052126,0.000883592376183725,0.000883592376183725
413.0,-1451.972051142522,2.0,3052.7978003112544,17.04790009276447,16.256627375947918,0.0003992528036782718,0.0003992528036782718
414.0,-1452.0880448869248,2.0,3052.797901960535,16.908514408962684,16.258212992339086,0.001817236202790171,0.001817236202790171
415.0,-1452.6067390975986,2.0,3052.7982918347457,16.69796127525961,16.265232625120692,0.0005907798547500898,0.0005907798547500898
416.0,-1452.7713748815804,2.0,3052.798464461078,16.51413885810949,16.267515970214685,0.0011101287668757412,0.0011101287668757412
417.0,-1453.073825756488,2.0,3052.7987359325684,16.314185671015856,16.271651678574433,0.0016515441608352553,0.0016515441608352553
418.0,-1453.5127422484475,2.0,3052.798994471413,16.106685582288133,16.277818878594413,0.001672393879022189,0.001672393879022189
419.0,-1453.9459657064472,2.0,3052.799385960423,15.959177734308527,16.284078727751652,0.00038756724937177617,0.00038756724937177617
420.0,-1454.0446439010157,2.0,3052.799506741135,15.825965730594886,16.285532182490005,0.0012670876317456166,0.0012670876317456166
421.0,-1454.3616468364016,2.0,3052.799824551132,15.634126517532291,16.290147083769405,0.0014401992017813183,0.0014401992017813183
422.0,-1454.7132199184816,2.0,3052.800294555258,15.475747492571648,16.295205770789618,0.0025041792954827637,0.0025041792954827637
423.0,-1455.3116298129862,2.0,3052.8011135741517,15.282157102545659,16.30376076851091,0.000375670558142425,0.000375670558142425
424.0,-1455.3993359738306,2.0,3052.8012305234256,15.049855338314417,16.30500144813858,0.0013221340446878107,0.0013221340446878107
425.0,-1455.6984373348387,2.0,3052.801189783009,14.9239436269996,16.30916389489439,0.0024575516765342077,0.0024575516765342077
426.0,-1456.2445793895786,2.0,3052.8014391915676,14.738285752147073,16.316947902818015,0.0002403339109795621,0.0002403339109795621
427.0,-1456.2967727989708,2.0,3052.801449759621,14.57473570937927,16.317710346351294,0.0013586700708468793,0.0013586700708468793
428.0,-1456.585031632163,2.0,3052.801531698355,14.387762768458655,16.32184778652574,0.0017631212867449978,0.0017631212867449978
429.0,-1456.9494379016069,2.0,3052.8017601163483,14.19057732788838,16.327227973225664,0.0014708928400853105,0.0014708928400853105
430.0,-1457.2452436521671,2.0,3052.8020523362643,13.989072740429728,16.33153448326362,0.0025743537531166868,0.0025743537531166868
431.0,-1457.7478375613355,2.0,3052.802352495603,13.769794884497365,16.338756233747453,0.002149652359049349,0.002149652359049349
432.0,-1458.1546142534062,2.0,3052.8027503271333,13.547900382657813,16.34452697890085,0.0011835259798739393,0.0011835259798739393
433.0,-1458.371609875623,2.0,3052.8028763275493,13.410257512451443,16.347702922213287,0.0033626625013278275,0.0033626625013278275
434.0,-1458.9744885197433,2.0,3052.8030592773075,13.169946245521006,16.356803832293032,0.0009950142902532646,0.0009950142902532646
435.0,-1459.146917588041,2.0,3052.8031169239093,13.059282583227581,16.359493928410764,0.000580911919441961,0.000580911919441961
436.0,-1459.245937334872,2.0,3052.8031890444313,12.916987811132113,16.361014984247582,0.005294133167431697,0.005294133167431697
437.0,-1460.1250928820118,2.0,3052.804275064468,12.651119558690544,16.375041404179505,0.0021873051135221566,0.0021873051135221566
438.0,-1460.4745013586107,2.0,3052.804859171203,12.457803558203306,16.380840591099524,0.0022032977297416177,0.0022032977297416177
439.0,-1460.8157795609477,2.0,3052.805584810253,12.309367761644175,16.386431957458544,0.0013032414298274834,0.0013032414298274834
440.0,-1461.0130181687236,2.0,3052.8059498799907,12.180009247176953,16.38962665881101,6.1515829336388e-05,6.1515829336388e-05
441.0,-1461.02214370804,2.0,3052.8059640752053,12.102561321239913,16.38977771607133,0.005238205758113407,0.005238205758113407
442.0,-1461.7858271451732,2.0,3052.8077451496265,11.841770225832546,16.402343945311273,0.0021294701968636843,0.0021294701968636843
443.0,-1462.0838680058332,2.0,3052.8083175557094,11.620024025834764,16.407208196766735,0.0013377519570815938,0.0013377519570815938
444.0,-1462.2642854540027,2.0,3052.8085416857884,11.496088053307103,16.410260690954246,0.0026472128275683705,0.0026472128275683705
445.0,-1462.6133347310388,2.0,3052.8088659593673,11.299463761220409,16.416337915480884,0.0014745895101826783,0.0014745895101826783
446.0,-1462.801363067596,2.0,3052.80904935983,11.17512469541068,16.419557153675857,0.0035409201927465413,0.0035409201927465413
447.0,-1463.2421788466745,2.0,3052.8093342472966,10.991836526525862,16.42703173936062,0.004429883041201548,0.004429883041201548
448.0,-1463.7752832293954,2.0,3052.8100030487435,10.776023400132743,16.43603433817865,0.0017601293084427742,0.0017601293084427742
449.0,-1463.9793502365465,2.0,3052.8103652608493,10.650255360634,16.439427612132445,0.0025775551041865175,0.0025775551041865175
450.0,-1464.2710447460704,2.0,3052.8107854865207,10.509548552859844,16.444426602919627,0.0003332742258445398,0.0003332742258445398
451.0,-1464.3078442539554,2.0,3052.810825601315,10.376787687404695,16.44507406098381,0.003483541649145065,0.003483541649145065
452.0,-1464.6818061161175,2.0,3052.8114308762656,10.223149819055912,16.451860599278778,0.0026090995027672113,0.0026090995027672113
453.0,-1464.953877750202,2.0,3052.8117738943215,9.991288760283219,16.456967832944123,0.0022214134530174202,0.0022214134530174202
454.0,-1465.175218443892,2.0,3052.811505539757,9.792163809369603,16.461311106929735,0.0003501779609607628,0.0003501779609607628
455.0,-1465.2087857732113,2.0,3052.8114328701563,9.69749101911345,16.46195515766738,0.0014518067389395913,0.0014518067389395913
456.0,-1465.3451457847477,2.0,3052.8110744717355,9.564976156988227,16.4645213864107,0.010557064710919684,0.010557064710919684
457.0,-1466.3020383520015,2.0,3052.8105675214356,9.30240940340068,16.4835178327055,0.015814142266911257,0.015814142266911257
458.0,-1467.651417305191,2.0,3052.8092998564443,8.93833010043147,16.511284036492142,0.00021513985429391243,0.00021513985429391243
459.0,-1467.6686023561888,2.0,3052.8092932794966,8.773534483949247,16.511639008873175,0.0031254805566131175,0.0031254805566131175
460.0,-1467.908508441884,2.0,3052.8084995650715,8.648502968261216,16.51647810378018,0.0036859788757801055,0.0036859788757801055
461.0,-1468.1832856262117,2.0,3052.8074478195444,8.515223801433775,16.521960801272716,0.004299642803571442,0.004299642803571442
462.0,-1468.4938250136584,2.0,3052.8060882161885,8.360121135140483,16.528097030755244,0.0011467125495720281,0.0011467125495720281
463.0,-1468.5738867264918,2.0,3052.805715386481,8.266132959036359,16.529734625472464,0.002730887123776503,0.002730887123776503
464.0,-1468.7600165841177,2.0,3052.804738731315,8.108440775891513,16.533468281021992,0.0005366298656253576,0.0005366298656253576
465.0,-1468.7952810293718,2.0,3052.804544118182,7.99561376095129,16.53419880873658,0.0025076224420931457,0.0025076224420931457
466.0,-1468.9552054396263,2.0,3052.8040825673834,7.857364454678621,16.537433606409554,0.012491602394889228,0.012491602394889228
467.0,-1469.7172273653596,2.0,3052.802257730924,7.604528116978788,16.553753824704426,0.0033164103525943145,0.0033164103525943145
468.0,-1469.9084100322725,2.0,3052.801794523032,7.464061895840747,16.55805480483448,0.008234804432548273,0.008234804432548273
469.0,-1470.3636562526262,2.0,3052.8009534885628,7.258469010504012,16.56878444003262,1.1932548175031103e-05,1.1932548175031103e-05
470.0,-1470.3642849164462,2.0,3052.800952715239,7.2059822767661235,16.568799816034836,2.3965036459273855e-05,2.3965036459273855e-05
471.0,-1470.3655293018674,2.0,3052.8009522933917,7.124120919180097,16.56883074513674,0.0032841112592792323,0.0032841112592792323
472.0,-1470.5317118554995,2.0,3052.801099385121,7.012264146660088,16.57309326639477,0.006723481053901343,0.006723481053901343
473.0,-1470.8603212253547,2.0,3052.8012063870656,6.859286166564894,16.581869680360427,0.0018139717314248393,0.0018139717314248393
474.0,-1470.9455305438569,2.0,3052.8011908903295,6.770521052165175,16.5842291743017,0.008688424871685663,0.008688424871685663
475.0,-1471.3407590395254,2.0,3052.8009738013798,6.596206366841209,16.595628689601792,0.005318565762098922,0.005318565762098922
476.0,-1471.5710990189255,2.0,3052.8006102491654,6.446182564029482,16.602565313434738,0.0006441471416304918,0.0006441471416304918
477.0,-1471.597850683509,2.0,3052.800523950903,6.339883970317896,16.603399488837933,0.0027030597659842806,0.0027030597659842806
478.0,-1471.7062413923559,2.0,3052.800142461406,6.2330393845492456,16.606714721050547,8.586516636183065e-06,8.586516636183065e-06
479.0,-1471.7065749827452,2.0,3052.8001409340172,6.1561684905458804,16.60672519591719,0.003253823167984211,0.003253823167984211
480.0,-1471.8295401599134,2.0,3052.799536989374,6.036270000446322,16.610523693152814,0.004335157853076146,0.004335157853076146
481.0,-1471.9869111621374,2.0,3052.798868451182,5.9061528034545,16.61557495144821,0.0020262869161627316,0.0020262869161627316
482.0,-1472.0574693433482,2.0,3052.79861658224,5.823677700851247,16.617800321972524,0.0034980017091234368,0.0034980017091234368
483.0,-1472.1757490512537,2.0,3052.7981029083176,5.7289979080883775,16.621654101797507,0.0015162223549275479,0.0015162223549275479
484.0,-1472.2254496354108,2.0,3052.7978658778698,5.642116479180056,16.623323910991452,0.017058129331817752,0.017058129331817752
485.0,-1472.7607223167943,2.0,3052.79588908579,5.404582089185578,16.642393055748492,0.007788972050872324,0.007788972050872324
486.0,-1472.9867445142336,2.0,3052.795236895847,5.25804686421728,16.650530607847642,0.0020094322897852264,0.0020094322897852264
487.0,-1473.0422072065521,2.0,3052.7951239209497,5.184305822334457,16.652607098708046,0.0013138100412546897,0.0013138100412546897
488.0,-1473.0774806605987,2.0,3052.7950240578202,5.1206550278214555,16.653966580360883,0.0018925760313335729,0.0018925760313335729
489.0,-1473.1270289202366,2.0,3052.794882875084,5.028801722984657,16.655845895233625,0.004972043923195517,0.004972043923195517
490.0,-1473.2522464948088,2.0,3052.7946480898186,4.922183559800316,16.660513194625842,0.014084792819626825,0.014084792819626825
491.0,-1473.5894830076904,2.0,3052.794645218018,4.752454141548101,16.673154354833013,0.00993332873333589,0.00993332873333589
492.0,-1473.8119709020793,2.0,3052.794453239077,4.631826294141519,16.681567241979778,0.0017579183946475922,0.0017579183946475922
493.0,-1473.8496293131502,2.0,3052.7944814154125,4.563611975041529,16.682975491120658,0.005120417597459181,0.005120417597459181
494.0,-1473.955806907994,2.0,3052.794476086926,4.4730283269181665,16.686873301981432,0.0007694401203380101,0.0007694401203380101
495.0,-1473.9711919228212,2.0,3052.794469249659,4.3963231630005,16.687456012401142,4.6866091520425625e-05,4.6866091520425625e-05
496.0,-1473.972097698541,2.0,3052.7944665506193,4.342460647633812,16.687489168178537,0.0027181287529007376,0.0027181287529007376
497.0,-1474.0232338731585,2.0,3052.794278504373,4.275718012831221,16.689308384683294,0.00182255521554352,0.00182255521554352
498.0,-1474.0565018076522,2.0,3052.794297838587,4.206223475328368,16.690527034786886,0.012653761353520084,0.012653761353520084
499.0,-1474.2779440023332,2.0,3052.794024465312,4.051961205220189,16.698507432219955,0.00023434909906511428,0.00023434909906511428
500.0,-1474.281790856443,2.0,3052.794024199553,3.9910067180833173,16.698641880414602,0.019487812575693982,0.019487812575693982
501.0,-1474.5868871515959,2.0,3052.793476346531,3.805112508770985,16.709146166823853,0.0008861497387235901,0.0008861497387235901
502.0,-1474.5997078093824,2.0,3052.793436763502,3.737764255950996,16.70961003043485,0.004572121671759542,0.004572121671759542
503.0,-1474.6633357648607,2.0,3052.7933213453657,3.6460119784426532,16.71199705635095,0.00269317785841254,0.00269317785841254
504.0,-1474.6990564412408,2.0,3052.7933059396887,3.5736973144585336,16.713388531130324,0.0006119927724151384,0.0006119927724151384
505.0,-1474.7068683398502,2.0,3052.7933197105535,3.519004375690671,16.713681559823726,0.009897731730972833,0.009897731730972833
506.0,-1474.8283965167175,2.0,3052.793387159182,3.4106511594497677,16.71811202956419,0.004542119087814744,0.004542119087814744
507.0,-1474.8810258067933,2.0,3052.793384594523,3.3240662321528176,16.71996474723082,0.0077937322115024955,0.0077937322115024955
508.0,-1474.966572005349,2.0,3052.7935215222483,3.230334695728698,16.723126783575427,0.013767325539994497,0.013767325539994497
509.0,-1475.1085795718755,2.0,3052.7935339792243,3.0994425802972594,16.728704822512604,0.0023884878244196227,0.0023884878244196227
510.0,-1475.1314798455423,2.0,3052.7935741336914,3.0400262783211294,16.729646989587938,0.0007238095546406761,0.0007238095546406761
511.0,-1475.1381652090895,2.0,3052.7935794458313,2.9783998584688316,16.729932186807734,0.02327648107079365,0.02327648107079365
512.0,-1475.340709180753,2.0,3052.794146753899,2.819559452796822,16.738379439145756,0.0012353277471673673,0.0012353277471673673
513.0,-1475.3505199999418,2.0,3052.794157622174,2.715528374649233,16.73877239620906,0.00093368135681041,0.00093368135681041
514.0,-1475.357399993045,2.0,3052.794073950125,2.6643191810313915,16.73906745575946,0.02247135397712953,0.02247135397712953
515.0,-1475.5141334107575,2.0,3052.791744314795,2.517753991131785,16.746284630484766,0.0042441648007571125,0.0042441648007571125
516.0,-1475.5409520612338,2.0,3052.791390925392,2.465307287009079,16.747588233602848,0.017431921231849792,0.017431921231849792
517.0,-1475.6455351045115,2.0,3052.7903542114245,2.364285087087148,16.752969907547328,0.010594882075067607,0.010594882075067607
518.0,-1475.704310183719,2.0,3052.789729209167,2.2849340593280725,16.756164530624385,0.040562257937242885,0.040562257937242885
519.0,-1475.9101039648958,2.0,3052.786872898331,2.1173030417130634,16.768454205929398,0.0003595034399556928,0.0003595034399556928
520.0,-1475.911715226106,2.0,3052.7868454779946,2.078453270686207,16.768555683608795,0.031454015359319194,0.031454015359319194
521.0,-1476.0447507339304,2.0,3052.7842974713344,1.9606169730681529,16.776829652418357,0.01205605198208024,0.01205605198208024
522.0,-1476.0907298659367,2.0,3052.7839177586998,1.8929216874793615,16.77958624168214,3.929637334545394e-05,3.929637334545394e-05
523.0,-1476.09087066734,2.0,3052.78391696185,1.8553581346731995,16.77959500354135,0.016015449773451023,0.016015449773451023
524.0,-1476.1454561127466,2.0,3052.783712391909,1.7809668447275644,16.7831870480532,0.012346634033527756,0.012346634033527756
525.0,-1476.1843213074717,2.0,3052.783700189636,1.7159734948129988,16.785612157427813,0.013096506859197657,0.013096506859197657
526.0,-1476.222576463977,2.0,3052.7838358576373,1.6560410903099134,16.78784366640251,0.03638505205125118,0.03638505205125118
527.0,-1476.3201587069889,2.0,3052.783882495171,1.5495262854011929,16.79328435646192,0.015801929436263205,0.015801929436263205
528.0,-1476.3577479889136,2.0,3052.784085497833,1.460908526256544,16.795145420465893,0.0031454710738937647,0.0031454710738937647
529.0,-1476.3644489102917,2.0,3052.783949508639,1.4173178001041042,16.795417667132167,0.013819465655948812,0.013819465655948812
530.0,-1476.3919927727147,2.0,3052.783486802284,1.3553670183674518,16.79659744369221,0.023972571095419264,0.023972571095419264
531.0,-1476.4354665436877,2.0,3052.782767812754,1.2907308555398136,16.79855735709185,0.0019279473927443602,0.0019279473927443602
532.0,-1476.4386753558792,2.0,3052.7827343551567,1.2615604105804166,16.79870508632324,0.00772916292988394,0.00772916292988394
533.0,-1476.450928808441,2.0,3052.782544696955,1.2168369122208624,16.79918266147602,0.025827705446610113,0.025827705446610113
534.0,-1476.488681244613,2.0,3052.782126432937,1.147825763688593,16.80028799952319,0.03214417453521212,0.03214417453521212
535.0,-1476.5304164995396,2.0,3052.782334467747,1.0908464783542149,16.801563454679044,0.09485467516912659,0.09485467516912659
536.0,-1476.6387497593641,2.0,3052.782511748728,0.987568197605049,16.803820123332788,0.028961609903188988,0.028961609903188988
537.0,-1476.6667149403183,2.0,3052.7823385149545,0.9465010348344468,16.803715517444157,0.019302617409297305,0.019302617409297305
538.0,-1476.6839023458488,2.0,3052.782328797861,0.9134576431009872,16.80333221075971,0.19052155112131308,0.19052155112131308
539.0,-1476.834062040998,2.0,3052.781067540219,0.8077154956145526,16.80009290179166,0.020218448409439777,0.020218448409439777
540.0,-1476.8472097649646,2.0,3052.7810172136883,0.794532818397714,16.799284225355045,0.007275370887883271,0.007275370887883271
541.0,-1476.8517977205884,2.0,3052.7810417034184,0.7779586593093178,16.798936295856755,0.014362846231439642,0.014362846231439642
542.0,-1476.8604728679093,2.0,3052.7810243508575,0.7647785065205042,16.79825056652397,0.12125015887172762,0.12125015887172762
543.0,-1476.9303100483594,2.0,3052.780421887872,0.7379011486098868,16.791736631719484,0.14139162914327444,0.14139162914327444
544.0,-1477.0064188197393,2.0,3052.7796302516986,0.7116698285863973,16.78281235142028,0.07930847891521123,0.07930847891521123
545.0,-1477.0464070025992,2.0,3052.7795032571776,0.7015490824564689,16.77750845476307,0.26464725432094827,0.26464725432094827
546.0,-1477.1752678420999,2.0,3052.778391071503,0.6802944216906752,16.75919518310029,0.017669920758019046,0.017669920758019046
547.0,-1477.1834416611782,2.0,3052.778278803274,0.6779070315015935,16.757914645407187,0.15004344164673258,0.15004344164673258
548.0,-1477.2521587145202,2.0,3052.777557417879,0.6724848146385785,16.74691646952346,0.01759698228337822,0.01759698228337822
549.0,-1477.260114696488,2.0,3052.7774983333084,0.6636045814068501,16.74560056084452,0.1693040246448483,0.1693040246448483
550.0,-1477.3343674271273,2.0,3052.776695345763,0.6499885651978595,16.73335929828467,0.01483725575617744,0.01483725575617744
551.0,-1477.3406333827224,2.0,3052.776582435113,0.6416087975853587,16.732321617639926,0.005510924931083178,0.005510924931083178
552.0,-1477.3429015344263,2.0,3052.7765106471484,0.6324487555135998,16.73193720526831,0.010008155018284993,0.010008155018284993
553.0,-1477.3469026730527,2.0,3052.7763466343367,0.6238290017007797,16.731242593728858,0.0709124778789172,0.0709124778789172
554.0,-1477.3743748983725,2.0,3052.775206906548,0.609846301599438,16.726385505792315,0.042407111557342635,0.042407111557342635
555.0,-1477.3900998826866,2.0,3052.77434732414,0.5978102079486957,16.723568883022814,0.1367325577365705,0.1367325577365705
556.0,-1477.4384269269867,2.0,3052.771659128147,0.5759877380322694,16.714855325595607,0.08834383670175512,0.08834383670175512
557.0,-1477.4675324113632,2.0,3052.7704445942372,0.5595903911416746,16.70965213394633,0.1258706158927862,0.1258706158927862
558.0,-1477.50652634757,2.0,3052.7692655156116,0.5388607856601114,16.702677871197128,0.1732063036478732,0.1732063036478732
559.0,-1477.5560641548072,2.0,3052.76839263615,0.5140772443239834,16.693927603645793,0.011014111663443054,0.011014111663443054
560.0,-1477.5589722256045,2.0,3052.768309712334,0.5032078413283642,16.693425933470277,0.5178110446029093,0.5178110446029093
561.0,-1477.6829536952791,2.0,3052.7662264650835,0.4496264751028472,16.671932725171672,0.14061668464914584,0.14061668464914584
562.0,-1477.711161279698,2.0,3052.7654658033607,0.4309587033980691,16.66815028640274,0.08740434481781205,0.08740434481781205
563.0,-1477.7272950450606,2.0,3052.764745624486,0.4126804867413239,16.66606111591991,0.09093672958353884,0.09093672958353884
564.0,-1477.7426542328685,2.0,3052.764022284079,0.39469360103197804,16.664074191609302,0.2826293328065081,0.2826293328065081
565.0,-1477.7852491422746,2.0,3052.7627899223708,0.35835028706866456,16.65864941601625,0.08970840676206335,0.08970840676206335
566.0,-1477.7966546175085,2.0,3052.762010303371,0.33623349989264784,16.65734221631309,0.3332450830226108,0.3332450830226108
567.0,-1477.8324865075665,2.0,3052.760589974793,0.29099436826905806,16.65318701175294,0.0196933843618983,0.0196933843618983
568.0,-1477.834149310631,2.0,3052.760762734228,0.27142118773222507,16.653025017644985,0.18161416518895485,0.18161416518895485
569.0,-1477.8469731920923,2.0,3052.7628468703483,0.22802669014862073,16.65160303331517,0.22215239003132736,0.22215239003132736
570.0,-1477.8577337169227,2.0,3052.7635297033166,0.17182659655125262,16.650253651608868,0.243539607707556,0.243539607707556
571.0,-1477.8640484625612,2.0,3052.7646598330716,0.10517947501077696,16.64925912798025,0.5072769309554973,0.5072769309554973
572.0,-1477.868236752969,2.0,3052.765521098403,0.04351690130876814,16.64778448478329,0.999882169442419,1.2328381878709271
573.0,-1477.8691835017526,1.0,3052.7681774246867,4.868049093235424e-05,16.646550946705784,0.0,0.0
